5.556367402682198531e-01
6.362732804765157679e-01
6.280479687283271328e-01
7.315378337526304842e-01
1.787060540004627551e+00
8.963672226007526334e-01
4.509023427074618229e-01
1.007457203680335978e+00
1.390001577803018806e+00
9.059613741087210181e-01
1.168959655813040177e+00
8.876979342758859470e-01
8.556183759987188164e-01
1.183800474221841315e+00
1.558137063260595090e+00
3.484035566412541640e-01
5.748256356118138788e-01
3.791295330227653082e-01
5.884201837855673745e-01
1.324055624379276930e+00
8.143795288827802015e-01
1.022226959480183828e+00
1.342129698141721894e+00
3.481037629921707177e-01
2.277418779196464182e+00
8.774268390782634652e-01
2.605887964587748074e-01
4.243685416261529508e-01
1.562996380037042554e+00
8.451132745406888525e-01
1.266271736866348530e+00
7.442569216546645050e-01
5.373911498319405844e-01
2.162134315359460768e-01
8.376251491737043420e-01
3.514525577778845333e-01
8.856186294922805402e-01
6.932337594587337781e-01
1.721772404387928779e+00
4.605799951858443042e-01
9.232640216944992817e-01
9.799327973294561511e-01
9.463443962535919018e-01
3.071107649248777105e-01
6.649700911830337402e-01
1.661499245385250401e+00
6.584375611977464349e-01
1.544295938360938480e+00
3.877897696127713401e-01
1.756096514369074990e+00
4.814334615679155549e-01
5.047804155874366927e-01
8.310407101965219256e-01
7.619942878999598213e-01
4.351838785346350824e-01
8.610777847282951036e-01
1.199475688050736677e+00
5.616078720892444531e-01
1.398627473791185460e+00
5.949191592734047740e-01
5.204583141962220161e-01
7.001714066647354295e-01
4.776884897619549930e-01
9.461926016803324790e-01
8.984583258935313621e-01
2.064518693489444612e+00
3.774751681035987128e-01
4.716734234618187305e-01
4.557285885251932123e-01
1.156844414657249631e+00
5.014354971955538032e-01
9.114795297996396428e-01
5.638756135826590299e-01
8.680019097827974539e-01
2.173949079038459242e+00
1.279532119434090287e+00
7.144650630390206869e-01
3.950863963034670912e-01
5.706320324954842205e-01
9.030663283612759829e-01
7.549345506717526355e-01
9.370992780897872132e-01
1.176519956617132490e+00
1.938236548122857839e+00
3.931261419503637167e-01
9.064823666012528092e-01
7.749002864223444309e-01
4.459753912860972558e-01
1.098033035931072821e+00
1.130947149025343546e+00
9.061683251615119117e-01
1.827460633211278829e+00
6.779403448378332753e-01
2.855823889190789444e-01
9.694203207872135186e-01
1.409950939588620944e+00
1.018593518886285132e+00
1.618697232725779367e+00
1.063494518394773269e+00
2.141745812734714427e+00
