1.203119001493152984e+00
1.179078518588193125e+00
1.052779309572822619e+00
1.576787821858760097e+00
1.334303756174395561e+00
1.089027156275120589e+00
1.597919897936114220e+00
1.318056586291612264e+00
1.422222641356356565e+00
1.303533488997842049e+00
1.005075276359616243e+00
1.294924518833099558e+00
1.099240187204266750e+00
1.132517945676576376e+00
1.372294202306768351e+00
1.101489937453021373e+00
1.659174573375081119e+00
1.147303521527540227e+00
1.267240146699302850e+00
1.351130440032348723e+00
1.159038104729381846e+00
1.747057702844206917e+00
1.220104819613635927e+00
1.182763663480656202e+00
1.089980509826259825e+00
1.103456493164739260e+00
1.090575606202637937e+00
1.055962260559605292e+00
1.329739407979458443e+00
1.386604816046306698e+00
1.341799092333399335e+00
1.040258209625380736e+00
1.104404831719933311e+00
1.522324353236495620e+00
1.107604653321376142e+00
1.086126531494640224e+00
1.120530474420968536e+00
1.237923237911967789e+00
1.225284114802169366e+00
1.281987295197580590e+00
1.626915257146055671e+00
1.067149261949608352e+00
1.250603066972958866e+00
1.438870990880929179e+00
1.113356209802342178e+00
1.084568868105704187e+00
1.136247039642573231e+00
1.069058876164441063e+00
1.455745145752237679e+00
1.053751519172475781e+00
1.067111192044200463e+00
1.060207244728517129e+00
1.168489487344163580e+00
1.300366836620624023e+00
1.252387234746845879e+00
1.090583967704060964e+00
1.113237943197353363e+00
1.112387616284983727e+00
1.518145769359441788e+00
1.154975115098775706e+00
1.051676138118134540e+00
1.064416818986897662e+00
1.394274228957051331e+00
1.348906525426710301e+00
1.589084932728157984e+00
1.074097323161045336e+00
1.317568616598540299e+00
1.081136244434359739e+00
1.047693280628085644e+00
1.806835057632348418e+00
1.034591249016206138e+00
1.329605413346929499e+00
1.532782940297013896e+00
1.606734723632156525e+00
1.159882347828071536e+00
1.547397009927677702e+00
1.050632491893685794e+00
1.272148303745480824e+00
1.423362480461458857e+00
1.229227937428096995e+00
1.386434744333250979e+00
1.224850267603122989e+00
1.074485529703814501e+00
1.201853837210908660e+00
1.297332815952930929e+00
1.353710675839851829e+00
1.069896233350592585e+00
1.345598068544623160e+00
1.248625243321300093e+00
1.180330272748066012e+00
1.350525995349885822e+00
1.059741812118908832e+00
1.397362475578828311e+00
1.215385312439661858e+00
1.049968508678201573e+00
1.463668090051663206e+00
1.313811195097100537e+00
1.377252416512543931e+00
1.602926229694898508e+00
1.753020540289338625e+00
