2.413241323691803566e-02
1.502606320644035362e-02
1.557306774801330354e-02
1.023714988956315325e-01
1.644080771391679408e-01
6.569237501915375921e-02
2.734102134734308839e-02
1.921880838074403741e-02
9.725566783729761022e-02
7.395582356597152351e-02
3.239785616287067793e-02
1.434985347368345800e-02
4.106294014250753271e-02
1.975527538544435135e-01
1.013487826638134193e-01
3.338274320335136297e-02
6.984831383939459071e-02
3.075369321799009334e-02
1.087236443825145664e-02
7.931884113812831538e-02
5.006959588527411936e-02
1.163085789354239286e-01
1.834363788613295812e-02
2.069751748098686180e-03
3.258310594816626327e-01
3.133048139510465763e-02
1.246183776259081506e-02
6.109263012745132226e-02
9.837818574378444370e-02
3.131722868198329873e-02
3.135928188296230323e-02
8.481777777814561436e-02
5.583475367355364427e-02
3.986677690625506365e-02
6.430536923526833371e-02
8.258848423047460835e-03
3.054050146269424171e-02
6.467529083920486865e-02
1.301644033159616298e-01
1.922818622154288601e-02
1.359437074189078290e-02
8.652520408929559315e-02
2.970405680884961874e-02
4.661502910360301732e-02
1.899286605597891309e-02
3.344144084224226487e-02
9.449978733109114237e-02
4.504776388102687407e-02
5.308336270012729841e-02
6.408580844552375089e-02
3.023491318491852708e-02
6.516088189779813133e-02
4.235311195016916441e-02
6.841628001377147994e-02
6.928855197938269764e-04
5.743818092661007180e-02
7.798359240568698836e-02
2.585405387164738458e-02
7.941719644811059964e-02
4.590031984342861360e-02
3.799871743208316222e-02
5.399804573377500749e-02
1.600207248609184299e-02
5.693158171170120685e-02
1.017607987820019419e-02
2.021637386448888254e-02
4.806323506875241473e-04
4.617627337875463561e-02
3.237399988515365923e-02
9.792325426964643142e-02
1.196669953043107484e-02
4.478283224567923548e-02
3.130284155276149421e-02
7.329300945890626640e-03
1.664072372764340002e-01
8.698866118505570177e-02
6.313251108954848201e-02
1.287409828152897076e-02
1.585810286692429169e-02
3.044551338647479358e-02
1.217711264141509847e-01
1.847366711660160601e-02
8.735519517258294453e-02
7.512965144742210326e-03
1.311623413647742403e-02
2.562334367304235083e-02
4.016798958175755128e-03
3.688582024683600274e-02
3.468804983788653651e-02
1.548104991113923579e-01
1.189782782577424210e-02
9.204454529695253739e-02
6.276760491919423923e-02
1.394696048710072564e-02
6.938268344960164813e-02
1.550991887358242893e-01
1.112275643404925518e-01
2.482902635495233545e-02
6.332008503498118279e-02
1.910751169530361115e-01
