7.432605178441006877e-02
1.410528639581367927e-01
4.507804542476479687e-02
1.933000187769619294e-02
3.555059085515898526e-02
3.874255164057062439e-02
2.887056854967191485e-02
2.592407046971564877e-01
2.067250049913527121e-02
5.662876812136651006e-02
1.347317970528197871e-02
3.453916448705563608e-02
4.370029859894355995e-01
9.494988051213036628e-02
3.901830067124370527e-02
8.348821527159945577e-02
9.462661638581646578e-03
2.561743753238813343e-02
3.114231812919046605e-02
1.062808023028439519e-01
1.939524858993501785e-02
1.175122271487622216e-01
3.750448836281360804e-02
4.541393038906289814e-02
1.431111630572086957e-01
1.236569038639153718e-02
4.331599903963346404e-02
1.777104046308604079e-01
1.569521148710728287e-01
3.063960180137350123e-02
1.301133255594640881e-01
6.014365298252896154e-03
2.152259654916633888e-02
7.591760376151096557e-02
1.266503485745619217e-01
2.111490110932497458e-02
4.946733337155738430e-02
1.164276875207007900e-01
3.663536097061512870e-02
1.564334674469986322e-02
4.739354563060715203e-02
2.167571487891820428e-02
1.382284391607035631e-02
7.183113690711455390e-02
5.192253130422860158e-02
1.446256587166891601e-02
7.670760272434630836e-03
1.456734286455416312e-02
2.185007505610716758e-02
9.790491627492686408e-03
9.973918758527010320e-03
4.139099714447414674e-02
2.197105783078278848e-02
7.615017444025200255e-02
7.218018885052934763e-02
7.447813682523449219e-02
1.028601959857678161e-01
4.769069084148070542e-02
4.956263692032106954e-02
4.631660114926463429e-03
1.157946607231356839e-02
2.514563943057147519e-02
2.644687159935879897e-02
9.682683242498926757e-02
3.416441713854961176e-02
2.017423365970466217e-02
1.897464531268066440e-02
8.004634467706812570e-03
5.129742748651099733e-04
3.589025389813166322e-02
5.852740513276461637e-03
2.289581416618325857e-02
2.596365835876539990e-02
3.873994623768379358e-02
1.726324789031162543e-02
5.546695133863257382e-02
1.009196626439640421e-01
8.025175620550105415e-02
5.642025138840540965e-02
4.116284126993951381e-02
4.883813776528606737e-02
3.040174228558138736e-02
1.311867420483290303e-01
2.065730899313457034e-03
1.354269519687954088e-02
2.066006014730516205e-02
5.621260873723440965e-02
2.374018056675206156e-02
6.034387277394691849e-03
8.549403899786757466e-02
2.381683267119701075e-02
4.254243741088018643e-03
4.921001637380253285e-02
1.020688624713944614e-02
1.450582849658455797e-01
4.363226479302704380e-02
1.728089017424945181e-02
1.793684896218062860e-02
4.459260069976769131e-02
3.140323561314118522e-02
