2.431575823338527176e+00
1.962790670350065714e+00
2.249761341618934374e+00
2.364651187909339924e+00
2.299267660757787102e+00
1.997808581768354852e+00
2.644454813877954003e+00
3.136163604031353636e+00
2.466470206087218120e+00
2.495076317520217302e+00
2.378017354897066227e+00
2.425479471703976042e+00
2.787742865206826792e+00
2.669697779492739897e+00
3.074409890389093292e+00
2.221866587359522693e+00
2.610096736347170321e+00
2.182440430429847034e+00
3.381493884108972559e+00
2.412491776006556954e+00
3.106706418362501498e+00
2.247007420376167186e+00
3.290264329884797778e+00
3.126427318339018768e+00
3.656121271635369485e+00
3.263815719431179208e+00
2.804266783899341586e+00
3.306751793783528903e+00
1.937577424764291179e+00
3.470415527660275501e+00
3.198868364183380386e+00
2.602354029259614343e+00
2.847393068002393779e+00
2.210564058179125713e+00
2.788523025926959775e+00
3.272598839152715655e+00
2.602085020327264520e+00
2.701901936611573518e+00
2.669973893948498489e+00
1.927877971623916942e+00
1.849289523374383792e+00
1.531900096172571057e+00
3.075325994690500053e+00
3.206280334776991925e+00
2.576772524557033428e+00
2.714116005074167504e+00
2.784710089528947385e+00
2.094644417352471422e+00
3.045331817447574085e+00
3.188642016698513437e+00
1.622429005873085472e+00
1.923478988442315796e+00
2.017575728833914450e+00
1.603265765036433255e+00
2.572213928285079110e+00
2.172192213642916148e+00
3.010271672372490936e+00
3.343954301716787647e+00
3.206725416216548830e+00
2.385777017845246650e+00
2.437525447836963455e+00
2.745233384370022733e+00
2.324248806896223485e+00
1.669449253888988016e+00
1.892012374658440521e+00
1.893475480655652188e+00
2.826863873729502430e+00
2.506343412560485984e+00
2.307699841011040309e+00
2.211659679044311488e+00
1.626869155920650512e+00
2.150101577006854114e+00
2.303735386956601072e+00
1.735574553454753977e+00
3.161270141472146022e+00
2.211017608818337976e+00
1.993909350426633420e+00
1.624865224801102626e+00
2.801639901281121503e+00
1.767740199232687992e+00
1.532711063215982161e+00
3.606517336416394937e+00
1.965828155874973504e+00
3.399714008526178333e+00
1.796117092592954156e+00
2.232425813897934042e+00
3.153885472614901264e+00
2.740774081231323489e+00
2.182502843848773466e+00
3.183489490191531157e+00
2.586289117186992392e+00
1.564997987503456978e+00
2.222070106462228356e+00
2.031641725596333270e+00
2.164497245739248843e+00
3.280875412376640821e+00
1.861200818689411784e+00
1.445766069354148087e+00
3.048573673688114383e+00
2.383066784807216010e+00
