1.536789333142949410e-01
5.634856048118823749e-03
1.783067173518040061e-01
3.762598721869492291e-02
1.596387755155797422e-02
6.447955924118328741e-02
4.327032231800122253e-02
4.768465455863892671e-02
1.249773100497452993e-01
1.534264885584515903e-01
4.665547106006294464e-02
2.427357958566096936e-03
1.716806517404874388e-01
1.714919902466954457e-02
3.583646116371924650e-01
5.915488838061599280e-02
3.612640072317815226e-02
4.499696914574545514e-02
5.170649988530623062e-03
2.231904275974352578e-02
1.568906977292433835e-01
1.729593163655278321e-01
1.439087471357530269e-02
1.058994364573472846e-01
1.484945769673627070e-01
2.753228928726222935e-02
5.620029238295892737e-02
3.304285401873086753e-02
1.171933065329468747e-02
5.535328386489038466e-02
3.776886766263483353e-02
4.372793250813542497e-03
7.255303704316154283e-03
1.436973688768499943e-02
6.929518052032481723e-01
9.980967733733299430e-02
7.941224689108225543e-02
8.616520454571299781e-02
9.423227272381499986e-02
3.605320809822046280e-02
1.298937018383388708e-01
2.283528415324544425e-01
6.045662875781907322e-03
8.623880109677795058e-02
4.178674115071692730e-02
7.472250754736684333e-03
1.351888666745819090e-01
1.343776689174428218e-01
3.222568246771151390e-02
3.018080802164086265e-02
1.713711097161087216e-02
1.628949099766408004e-02
1.172303213040155334e-01
5.469278723409140910e-03
4.668089298968993578e-02
6.004283574551918384e-02
7.725151522541086335e-02
6.355697674723545521e-02
4.022195782649841400e-02
1.954886785136730060e-02
3.254624798502975952e-02
1.241844191095177810e-02
4.609112920857578316e-02
5.522013361000417675e-02
1.397057222641573740e-02
1.517683481926596079e-02
1.510699700825743064e-01
1.598498881591305654e-01
6.488199185019923043e-02
1.175923684899097682e-01
1.008092609118874279e-02
9.088947129660578106e-02
1.246051631516969117e-03
4.389917086706238234e-05
6.617916590154179768e-02
1.085190251535741307e-02
7.115620478301870611e-02
4.217099232537505765e-02
1.176541982747632414e-01
6.555089625186329150e-02
3.101242882089868050e-02
2.818478143681795323e-03
1.784821277202090772e-02
1.939997482065987378e-01
2.190736916242324583e-01
1.770293377156296200e-01
2.272397067069712936e-02
6.313122812735513789e-02
8.209208591675909439e-02
1.815761817984614390e-01
1.478677783111137511e-02
4.318990009635134686e-02
5.968416432531201132e-02
2.264662080221048479e-02
1.577338134750267545e-02
9.624349390581517227e-02
8.073723174166190508e-02
2.156554524306396672e-03
5.086304321320022064e-04
1.949684058235349668e-02
