9.437946960801881779e-01
1.297151227551032460e-01
1.454830628671734960e-01
1.606978613547730417e-01
2.043363396688385458e-01
1.621736519174860058e+00
1.163638888219532763e+00
2.632599951456351950e-01
3.738969467231936239e-01
1.655057845586063614e+00
1.303685105936603916e+00
1.171064572191184844e-01
3.386437541208279778e-01
1.309860198061803815e-01
1.040461720976854521e+00
6.198377663425336248e-01
1.806357334079750909e-01
2.002329091674819317e-01
1.369748716135834876e-01
4.508737268724438141e-01
1.613962292923066588e+00
2.784326997888947330e-01
1.193380455581689870e-01
2.198727470100746151e-01
7.668390854890299035e-01
4.433209472565942111e-01
1.856036385497179531e-01
3.027789697467264673e-01
1.297755651208407357e-01
1.524995386324517754e-01
1.805779306024473396e-01
8.817107491453489709e-01
2.457917459406011584e-01
2.433095929397280366e-01
1.408929538906103507e-01
1.514001100140072609e+00
1.278633289039342869e-01
2.376475572053146357e-01
6.623667599235735226e-01
1.183682674121349976e+00
1.596467399960565525e-01
1.299500356529777578e+00
1.306589212953345458e-01
2.127410866682503954e-01
1.381730042308888795e-01
5.754537243578272676e-01
1.319084645767580610e-01
1.151480433470425169e+00
1.286470683217687261e-01
3.335269806193217335e-01
5.637959618241277227e-01
1.386983095541520550e+00
1.255167301822770476e+00
1.369980269385597138e+00
2.273718954628119737e-01
4.951071018548343639e-01
1.912577223594212672e+00
1.475734972513579879e-01
1.525269847603255569e-01
1.493332148231809875e-01
1.988418335340899623e-01
1.368397950640707350e+00
2.098806645800731729e+00
1.321716402420785308e-01
1.205403117685985431e-01
3.732708700993053741e-01
1.844994401085190139e-01
1.409195297642552858e-01
4.874212774403742787e-01
1.548000939962418943e-01
1.851615267588510250e+00
1.359142948470138945e-01
1.955543373257751794e-01
1.134229477082083992e+00
2.900572417505920542e-01
2.082729417917918158e-01
6.698173145197663381e-01
4.302870163998619990e-01
2.701537413972364687e-01
1.810429053935071142e+00
6.881192863076985855e-01
1.664668457914620647e-01
2.065967275155153604e-01
2.277603906704686043e-01
1.728590752344087544e+00
5.436854514591935583e-01
5.784882973113436577e-01
1.634509279187440767e-01
1.178797312110192896e+00
1.255730257340769429e-01
1.414341701665475792e-01
2.749678481411901854e-01
2.757362781364168236e-01
1.276105511954291671e+00
6.221987559943902291e-01
2.253417000046914198e-01
2.788607555766855484e-01
1.430385014098679852e-01
5.510426736868243580e-01
2.011507851930528501e-01
