1.435867112365295066e-02
7.829870763667333422e-03
4.523104275562106480e-02
2.309241778152720456e-02
6.684921659793284510e-02
1.033548722862647207e-01
4.611241520414826114e-03
1.831249234554178451e-03
6.388895224175419885e-02
9.682200344975951112e-02
3.729228300993482625e-02
1.677111712910810820e-02
9.458994569877197944e-02
6.851347276674650023e-03
1.791698531974777672e-02
5.238891666091770316e-02
3.006594085875759909e-02
4.903483041364235101e-02
2.509415350326983304e-02
1.180487203030762544e-01
2.784017568520107400e-01
4.964098754645734912e-02
6.675650920413674083e-02
2.488446617412495843e-02
5.414170320259504426e-02
2.639596869826734207e-02
4.078326591682836233e-02
1.851964911954836340e-02
3.543257282339030978e-02
1.144033884526843292e-02
6.468715464791968683e-02
4.226165902114586287e-02
1.685943746135410912e-02
1.516446472960231509e-02
4.169951770115648548e-02
1.191668233083057610e-01
4.489726013344581823e-02
3.253006138062382833e-03
3.509123801551472521e-02
1.974164644766875920e-01
1.705856672849595176e-02
1.912845486957352181e-01
1.973287575879741421e-02
1.068043969499317403e-02
2.670891954840607860e-02
3.160985820913202703e-03
5.517494778497730040e-02
7.117546611112901545e-02
1.002624294253283595e-02
8.559702230991222960e-02
2.232044749621291818e-02
2.367894001991616426e-01
3.767793562560727005e-02
2.922993891617879994e-02
3.230152953442393809e-02
5.131119321701865105e-02
1.131159820693991430e-01
2.562425483462123926e-02
1.445148219231447281e-03
6.646930774721736268e-02
4.564670099570042328e-02
2.645090144082811942e-02
8.239477067044551073e-02
1.278507511857616963e-02
5.229199652287683936e-02
4.489641616298734733e-02
4.465134454629863213e-03
2.350742795653770409e-02
2.626897064580965835e-02
6.463295127974625666e-03
1.793182408444247422e-01
1.597047189754215515e-02
2.723245754510260005e-02
1.438157256528704853e-01
2.834989088807359989e-02
7.540675939074597753e-03
2.256139136662688172e-02
4.893140985718245906e-02
3.751160429860927580e-03
4.841530588498722115e-02
1.870825219304900894e-02
1.606255774354329799e-02
2.411083637291439302e-03
1.842824795226324572e-02
8.183790089246732735e-02
8.777173432700724476e-02
2.424255690629608523e-02
5.613276901227786135e-04
9.172233039385600806e-02
2.515612564557893546e-02
1.540487306039858492e-02
7.409276695870085742e-03
1.206983172440234536e-01
3.790621221117931178e-02
1.032623768013263138e-01
2.546967838960445887e-02
1.688802694964845058e-02
2.581379735932278624e-02
1.260508162127860210e-01
4.222487429457211575e-03
