5.313823699951171875e+00
4.171820163726806641e+00
3.048762798309326172e+00
2.024619340896606445e+00
1.165446281433105469e+00
6.182059049606323242e-01
4.456861615180969238e-01
3.805085122585296631e-01
3.359781801700592041e-01
3.022767901420593262e-01
2.796923220157623291e-01
2.595836222171783447e-01
2.459095418453216553e-01
2.281727045774459839e-01
2.179612219333648682e-01
2.071401625871658325e-01
1.980377882719039917e-01
1.900859177112579346e-01
1.842873543500900269e-01
1.762922108173370361e-01
1.722098141908645630e-01
1.663740128278732300e-01
1.651083528995513916e-01
1.557289361953735352e-01
1.511833816766738892e-01
1.503778547048568726e-01
1.428654044866561890e-01
1.410023868083953857e-01
1.455808877944946289e-01
1.329641640186309814e-01
1.296034753322601318e-01
1.271845549345016479e-01
1.240115612745285034e-01
1.215904951095581055e-01
1.189064532518386841e-01
1.164130941033363342e-01
1.140267625451087952e-01
1.154590845108032227e-01
1.094019562005996704e-01
1.085561066865921021e-01
1.061473861336708069e-01
1.043997406959533691e-01
1.039177402853965759e-01
1.006257757544517517e-01
9.899114072322845459e-02
9.724924713373184204e-02
9.688471257686614990e-02
9.463431686162948608e-02
9.426802396774291992e-02
9.205033630132675171e-02
9.065307676792144775e-02
8.977662026882171631e-02
8.795473724603652954e-02
8.631997555494308472e-02
8.528713881969451904e-02
8.420838415622711182e-02
8.270622789859771729e-02
8.317490667104721069e-02
8.913688361644744873e-02
8.139909803867340088e-02
7.849629968404769897e-02
7.750874757766723633e-02
7.702603191137313843e-02
7.563234120607376099e-02
7.489317655563354492e-02
7.454468309879302979e-02
7.283791154623031616e-02
7.190819829702377319e-02
7.101140916347503662e-02
7.181910425424575806e-02
7.004335522651672363e-02
6.905829906463623047e-02
6.812737882137298584e-02
6.709607690572738647e-02
6.666876375675201416e-02
6.978416442871093750e-02
6.509710848331451416e-02
6.581488251686096191e-02
6.452041864395141602e-02
6.295581161975860596e-02
6.234725192189216614e-02
6.504370272159576416e-02
6.653270870447158813e-02
6.252410262823104858e-02
5.980921909213066101e-02
5.902661010622978210e-02
5.863318592309951782e-02
5.812087655067443848e-02
5.755879729986190796e-02
6.471051275730133057e-02
5.692606419324874878e-02
5.533549934625625610e-02
5.540053918957710266e-02
5.472714826464653015e-02
5.432146787643432617e-02
5.370776727795600891e-02
5.342168360948562622e-02
6.024155765771865845e-02
5.325942113995552063e-02
5.187590047717094421e-02
5.125379562377929688e-02
5.095713213086128235e-02
5.782360956072807312e-02
5.093891173601150513e-02
4.987532645463943481e-02
4.930483549833297729e-02
4.857336729764938354e-02
4.822269827127456665e-02
4.768967255949974060e-02
4.788918420672416687e-02
4.739232361316680908e-02
4.641672968864440918e-02
4.612890258431434631e-02
4.580410942435264587e-02
4.521326348185539246e-02
4.491009935736656189e-02
4.471292346715927124e-02
4.557605460286140442e-02
4.421830922365188599e-02
4.359110072255134583e-02
4.276907071471214294e-02
4.248885065317153931e-02
4.228419810533523560e-02
4.202251508831977844e-02
4.313887283205986023e-02
4.198740795254707336e-02
4.065226018428802490e-02
4.072347283363342285e-02
4.023092985153198242e-02
3.979567810893058777e-02
3.947670385241508484e-02
3.943300992250442505e-02
3.986674174666404724e-02
4.030773788690567017e-02
4.159371927380561829e-02
3.791316226124763489e-02
4.129282757639884949e-02
3.794576972723007202e-02
3.685433790087699890e-02
3.648142889142036438e-02
3.627877309918403625e-02
3.583389148116111755e-02
3.542178869247436523e-02
3.525745496153831482e-02
3.571027517318725586e-02
3.451394289731979370e-02
3.423522785305976868e-02
3.419759124517440796e-02
3.357114270329475403e-02
3.352660685777664185e-02
3.299962729215621948e-02
3.293544799089431763e-02
3.262963145971298218e-02
3.267005831003189087e-02
3.201464191079139709e-02
3.284440562129020691e-02
3.399761766195297241e-02
3.176794201135635376e-02
3.095872327685356140e-02
3.045284189283847809e-02
3.264226764440536499e-02
3.817482665181159973e-02
3.055506013333797455e-02
2.976122125983238220e-02
3.061571717262268066e-02
2.925575897097587585e-02
2.884054742753505707e-02
2.856253646314144135e-02
2.814400568604469299e-02
2.842402458190917969e-02
2.780340984463691711e-02
2.766744419932365417e-02
2.859390154480934143e-02
2.780419588088989258e-02
2.703231200575828552e-02
2.799044176936149597e-02
2.693970873951911926e-02
2.656388655304908752e-02
2.630221843719482422e-02
3.358094766736030579e-02
2.687392197549343109e-02
2.620558813214302063e-02
2.571258507668972015e-02
2.541995607316493988e-02
2.556200698018074036e-02
2.654251456260681152e-02
2.537668310105800629e-02
2.499803528189659119e-02
2.469058707356452942e-02
2.594342269003391266e-02
2.462350763380527496e-02
2.438147738575935364e-02
2.477277256548404694e-02
2.403807640075683594e-02
2.386260963976383209e-02
2.397701144218444824e-02
2.363795600831508636e-02
2.334140241146087646e-02
2.338810823857784271e-02
2.312034927308559418e-02
2.314593270421028137e-02
2.293290570378303528e-02
2.275331318378448486e-02
2.266444265842437744e-02
2.281242609024047852e-02
2.254030108451843262e-02
2.258593775331974030e-02
2.217989601194858551e-02
2.207659929990768433e-02
2.210800535976886749e-02
2.187889814376831055e-02
2.179088816046714783e-02
2.163898013532161713e-02
2.157869376242160797e-02
2.139695361256599426e-02
2.136361971497535706e-02
2.399365231394767761e-02
2.125889807939529419e-02
2.095589600503444672e-02
2.082772366702556610e-02
2.080641686916351318e-02
2.064067684113979340e-02
2.063477970659732819e-02
2.058098092675209045e-02
2.077115140855312347e-02
2.029228769242763519e-02
2.021262235939502716e-02
2.032611891627311707e-02
1.996777765452861786e-02
2.020952478051185608e-02
1.988058164715766907e-02
1.971681043505668640e-02
1.966213248670101166e-02
1.969256438314914703e-02
1.951585151255130768e-02
1.947297155857086182e-02
2.070369198918342590e-02
1.952919922769069672e-02
1.929569244384765625e-02
1.915614306926727295e-02
2.266165427863597870e-02
1.903964206576347351e-02
1.880152523517608643e-02
1.882463134825229645e-02
1.878535374999046326e-02
1.857147924602031708e-02
1.851624995470046997e-02
1.845658943057060242e-02
1.836866512894630432e-02
1.831869594752788544e-02
1.821458712220191956e-02
1.818289794027805328e-02
1.811225153505802155e-02
1.807458512485027313e-02
1.798217929899692535e-02
1.804926060140132904e-02
1.773935928940773010e-02
1.770016364753246307e-02
1.770876720547676086e-02
1.772875525057315826e-02
1.782164536416530609e-02
1.759436354041099548e-02
1.847952231764793396e-02
1.757409609854221344e-02
1.740086637437343597e-02
1.739636063575744629e-02
1.732931472361087799e-02
1.728052273392677307e-02
1.749248430132865906e-02
1.700687408447265625e-02
1.708540879189968109e-02
1.707142032682895660e-02
1.685491576790809631e-02
1.683489605784416199e-02
1.679170504212379456e-02
1.681986264884471893e-02
1.680080220103263855e-02
1.693342626094818115e-02
1.667212881147861481e-02
1.675273850560188293e-02
1.661691255867481232e-02
1.646235585212707520e-02
1.645088568329811096e-02
1.645336672663688660e-02
1.643076911568641663e-02
1.635989174246788025e-02
1.605219766497612000e-02
1.612442731857299805e-02
1.613365113735198975e-02
1.597854122519493103e-02
1.594095863401889801e-02
1.586321741342544556e-02
1.587831415235996246e-02
1.575882732868194580e-02
1.584822125732898712e-02
1.654286868870258331e-02
1.609334908425807953e-02
1.558787096291780472e-02
1.725794747471809387e-02
1.560943294316530228e-02
1.560604758560657501e-02
1.553006190806627274e-02
1.538692135363817215e-02
1.551818847656250000e-02
1.560396887362003326e-02
1.534338854253292084e-02
1.569229923188686371e-02
1.542594097554683685e-02
1.532669831067323685e-02
1.541092991828918457e-02
1.666451618075370789e-02
1.518576778471469879e-02
1.528616994619369507e-02
1.537672709673643112e-02
1.489442028105258942e-02
1.500311214476823807e-02
1.513736229389905930e-02
1.639468967914581299e-02
1.491449493914842606e-02
1.485247910022735596e-02
1.483246497809886932e-02
1.493428926914930344e-02
1.496553421020507812e-02
1.437716651707887650e-02
1.588231138885021210e-02
1.440244913101196289e-02
1.462031714618206024e-02
1.444753818213939667e-02
1.431744359433650970e-02
1.439115125685930252e-02
1.423228532075881958e-02
1.464335899800062180e-02
1.422754675149917603e-02
1.433793641626834869e-02
1.401808392256498337e-02
1.409461162984371185e-02
1.398895867168903351e-02
1.406264584511518478e-02
1.502888929098844528e-02
1.501269917935132980e-02
1.382069569081068039e-02
1.375750266015529633e-02
1.382834464311599731e-02
1.369766332209110260e-02
1.376640331000089645e-02
1.364543475210666656e-02
1.363016478717327118e-02
1.346496958285570145e-02
1.370418258011341095e-02
1.394623331725597382e-02
1.352373976260423660e-02
1.337132602930068970e-02
1.332319714128971100e-02
1.331116538494825363e-02
1.329573709517717361e-02
1.328418962657451630e-02
1.320415735244750977e-02
1.326460856944322586e-02
1.297154836356639862e-02
1.313189882785081863e-02
1.298002619296312332e-02
1.309653650969266891e-02
1.295385789126157761e-02
1.293885707855224609e-02
1.290924381464719772e-02
1.288385875523090363e-02
1.279609836637973785e-02
1.273792050778865814e-02
1.267736405134201050e-02
1.278749667108058929e-02
1.272829622030258179e-02
1.338468957692384720e-02
1.268090493977069855e-02
1.264695636928081512e-02
1.253583468496799469e-02
1.251173298805952072e-02
1.255283039063215256e-02
1.312605012208223343e-02
1.237591076642274857e-02
1.307861227542161942e-02
1.226946804672479630e-02
1.247776858508586884e-02
1.224723365157842636e-02
1.227768324315547943e-02
1.230522803962230682e-02
1.206769794225692749e-02
1.209258474409580231e-02
1.215120125561952591e-02
1.213935110718011856e-02
1.210529077798128128e-02
1.340751070529222488e-02
1.216950453817844391e-02
1.202016975730657578e-02
1.342706941068172455e-02
1.211118325591087341e-02
1.208444219082593918e-02
1.206343900412321091e-02
1.192184165120124817e-02
1.203229464590549469e-02
1.176721695810556412e-02
1.192896999418735504e-02
1.303702592849731445e-02
1.181845925748348236e-02
1.178700383752584457e-02
1.178579963743686676e-02
1.182758342474699020e-02
1.173526234924793243e-02
1.870296522974967957e-02
1.329218596220016479e-02
1.195717602968215942e-02
1.184314955025911331e-02
1.301273517310619354e-02
1.163025014102458954e-02
1.169890165328979492e-02
1.278708316385746002e-02
1.147549133747816086e-02
1.164630241692066193e-02
1.162603311240673065e-02
1.149120833724737167e-02
1.146322954446077347e-02
1.154717989265918732e-02
1.149449124932289124e-02
1.139239035546779633e-02
1.147928368300199509e-02
1.141382940113544464e-02
1.163701713085174561e-02
1.125503517687320709e-02
1.133607979863882065e-02
1.123760640621185303e-02
1.128153689205646515e-02
1.132059376686811447e-02
1.124104857444763184e-02
1.121729146689176559e-02
1.119661517441272736e-02
1.122641190886497498e-02
1.102612726390361786e-02
1.117987092584371567e-02
1.112754084169864655e-02
1.101796980947256088e-02
1.111985929310321808e-02
1.234014797955751419e-02
1.104054134339094162e-02
1.107873488217592239e-02
1.104386709630489349e-02
1.119218766689300537e-02
1.081292238086462021e-02
1.087090652436017990e-02
1.092486642301082611e-02
1.096347346901893616e-02
1.084988564252853394e-02
1.086736749857664108e-02
1.099457126110792160e-02
1.083063893020153046e-02
1.086476165801286697e-02
1.077011972665786743e-02
1.087961532175540924e-02
1.078593079000711441e-02
1.071061007678508759e-02
1.064881682395935059e-02
1.077518332749605179e-02
1.066186837852001190e-02
1.071301475167274475e-02
1.053441315889358521e-02
1.075013447552919388e-02
1.069776155054569244e-02
1.074715703725814819e-02
1.056362688541412354e-02
1.058197952806949615e-02
1.180097647011280060e-02
1.050067413598299026e-02
1.038851961493492126e-02
1.055105216801166534e-02
1.142896153032779694e-02
1.179400738328695297e-02
1.046104915440082550e-02
1.044555753469467163e-02
1.052446756511926651e-02
1.044819597154855728e-02
1.023274101316928864e-02
1.023000944405794144e-02
1.036011427640914917e-02
1.038568746298551559e-02
1.698991842567920685e-02
1.226262841373682022e-02
1.062005385756492615e-02
1.048451196402311325e-02
1.028385944664478302e-02
1.018121279776096344e-02
1.021468173712491989e-02
1.022105570882558823e-02
1.020430400967597961e-02
1.020282972604036331e-02
1.019007991999387741e-02
1.013888418674468994e-02
1.021153572946786880e-02
1.031055860221385956e-02
1.012513320893049240e-02
9.999183006584644318e-03
1.012085657566785812e-02
1.016117818653583527e-02
1.008430309593677521e-02
1.124051399528980255e-02
1.007727440446615219e-02
1.004139147698879242e-02
1.016334723681211472e-02
1.022825017571449280e-02
9.947627782821655273e-03
1.013025641441345215e-02
1.001001056283712387e-02
9.928506799042224884e-03
1.010561548173427582e-02
1.130942162126302719e-02
1.065796799957752228e-02
1.064365915954113007e-02
1.021083910018205643e-02
1.008582580834627151e-02
9.740942157804965973e-03
9.921309538185596466e-03
9.869382716715335846e-03
9.898004122078418732e-03
9.922994300723075867e-03
9.915703907608985901e-03
9.905399754643440247e-03
9.773176163434982300e-03
1.104640308767557144e-02
9.830716066062450409e-03
9.965051896870136261e-03
9.784368798136711121e-03
9.728561155498027802e-03
9.745260700583457947e-03
9.656655602157115936e-03
9.755800478160381317e-03
9.917103685438632965e-03
1.075120083987712860e-02
9.787981398403644562e-03
9.826349094510078430e-03
9.713922627270221710e-03
1.607151702046394348e-02
1.183207146823406219e-02
1.015151478350162506e-02
1.121612451970577240e-02
1.094900351017713547e-02
9.984372183680534363e-03
1.001344900578260422e-02
9.960092604160308838e-03
1.011376548558473587e-02
1.010359823703765869e-02
1.010904833674430847e-02
1.009990740567445755e-02
1.020982209593057632e-02
1.029834244400262833e-02
1.045127026736736298e-02
1.056639011949300766e-02
1.056502014398574829e-02
1.055088452994823456e-02
1.054431870579719543e-02
1.069405861198902130e-02
1.065584458410739899e-02
1.043566223233938217e-02
1.043724827468395233e-02
1.029927469789981842e-02
1.033934671431779861e-02
1.033329498022794724e-02
1.030647754669189453e-02
1.137695647776126862e-02
1.126969419419765472e-02
9.820288047194480896e-03
1.011017430573701859e-02
1.010749582201242447e-02
1.012053526937961578e-02
1.041398942470550537e-02
9.746614843606948853e-03
1.003410108387470245e-02
1.006339117884635925e-02
9.909383021295070648e-03
9.778307750821113586e-03
1.007349882274866104e-02
9.727666154503822327e-03
9.667476639151573181e-03
9.725138545036315918e-03
9.753216058015823364e-03
9.615877643227577209e-03
9.609470143914222717e-03
9.636183269321918488e-03
9.484348818659782410e-03
9.483871050179004669e-03
9.389178827404975891e-03
9.503315202891826630e-03
9.492894634604454041e-03
9.443973191082477570e-03
9.422197006642818451e-03
9.575302712619304657e-03
9.450940415263175964e-03
9.420758113265037537e-03
9.375611320137977600e-03
9.344819001853466034e-03
9.279048070311546326e-03
9.340723045170307159e-03
9.178658016026020050e-03
9.365332312881946564e-03
9.241754189133644104e-03
9.160930290818214417e-03
9.180003777146339417e-03
1.534184254705905914e-02
1.072424184530973434e-02
9.480774402618408203e-03
9.325919672846794128e-03
9.095622226595878601e-03
9.119831025600433350e-03
9.035253897309303284e-03
9.019160643219947815e-03
9.062073193490505219e-03
9.024751372635364532e-03
9.040777571499347687e-03
9.088002145290374756e-03
9.327913634479045868e-03
9.019508957862854004e-03
9.068788960576057434e-03
9.033080190420150757e-03
8.992344141006469727e-03
8.911258541047573090e-03
8.984869346022605896e-03
8.955859579145908356e-03
9.000931866466999054e-03
8.819578215479850769e-03
8.994923904538154602e-03
8.963844738900661469e-03
8.959197439253330231e-03
9.061990305781364441e-03
8.862023241817951202e-03
8.894624188542366028e-03
8.860416710376739502e-03
8.828291669487953186e-03
1.007916778326034546e-02
9.055063128471374512e-03
8.742490783333778381e-03
8.853386156260967255e-03
8.819514885544776917e-03
8.843963965773582458e-03
8.754914626479148865e-03
8.797070011496543884e-03
8.806051686406135559e-03
8.753227069973945618e-03
8.782461285591125488e-03
8.743874728679656982e-03
8.693506941199302673e-03
8.657624013721942902e-03
8.699091151356697083e-03
8.739707060158252716e-03
8.669455535709857941e-03
8.573822677135467529e-03
8.659029379487037659e-03
8.678851649165153503e-03
8.565803058445453644e-03
8.544979616999626160e-03
8.638675324618816376e-03
8.550901897251605988e-03
8.542897179722785950e-03
8.628668263554573059e-03
8.441047742962837219e-03
8.500605821609497070e-03
8.498063310980796814e-03
8.563200011849403381e-03
8.450480177998542786e-03
8.578637614846229553e-03
8.414878509938716888e-03
8.443504571914672852e-03
8.434652350842952728e-03
8.458849973976612091e-03
9.590404108166694641e-03
8.630387485027313232e-03
8.447108790278434753e-03
8.526520803570747375e-03
8.411568589508533478e-03
8.334842510521411896e-03
8.393755182623863220e-03
8.324828930199146271e-03
8.415734395384788513e-03
8.322723209857940674e-03
8.362857624888420105e-03
8.314246311783790588e-03
8.358608931303024292e-03
8.448643609881401062e-03
9.374303743243217468e-03
8.467486128211021423e-03
8.332485333085060120e-03
8.257038891315460205e-03
8.285386487841606140e-03
8.205605670809745789e-03
8.061391301453113556e-03
8.107222616672515869e-03
8.171717636287212372e-03
8.036971092224121094e-03
8.106355555355548859e-03
8.040210232138633728e-03
8.082722313702106476e-03
9.340621531009674072e-03
8.269360288977622986e-03
8.071969263255596161e-03
9.027237072587013245e-03
8.095709607005119324e-03
7.931419648230075836e-03
9.030750021338462830e-03
8.055614307522773743e-03
7.978651672601699829e-03
7.853543385863304138e-03
7.941614836454391479e-03
8.089961484074592590e-03
1.361497212201356888e-02
1.042903773486614227e-02
8.381183259189128876e-03
8.055624552071094513e-03
7.992906495928764343e-03
7.899081334471702576e-03
8.907278068363666534e-03
8.027428761124610901e-03
7.770446129143238068e-03
7.858293130993843079e-03
7.705654017627239227e-03
7.734315004199743271e-03
7.801106665283441544e-03
7.797987665981054306e-03
7.773628924041986465e-03
7.763014640659093857e-03
7.770833559334278107e-03
7.750176824629306793e-03
7.675586733967065811e-03
7.656770758330821991e-03
7.713502738624811172e-03
7.695796899497509003e-03
7.659960538148880005e-03
7.838573306798934937e-03
7.599736098200082779e-03
7.647001650184392929e-03
7.595403585582971573e-03
7.706482894718647003e-03
7.570427842438220978e-03
7.714514620602130890e-03
7.580029312521219254e-03
7.702195551246404648e-03
7.675707340240478516e-03
7.670576218515634537e-03
7.522696163505315781e-03
7.569345645606517792e-03
7.597820367664098740e-03
7.735135499387979507e-03
7.735338993370532990e-03
7.558245211839675903e-03
7.482409477233886719e-03
7.531191222369670868e-03
7.566457148641347885e-03
7.593008689582347870e-03
7.760656066238880157e-03
7.424279116094112396e-03
7.448487915098667145e-03
7.477097213268280029e-03
7.493115961551666260e-03
8.745050057768821716e-03
7.860390469431877136e-03
7.453417871147394180e-03
7.369095925241708755e-03
7.494356483221054077e-03
7.484981324523687363e-03
7.395838387310504913e-03
7.436111569404602051e-03
7.391214370727539062e-03
7.382865063846111298e-03
7.370515260845422745e-03
7.474143989384174347e-03
7.456602063030004501e-03
7.400388829410076141e-03
7.420440670102834702e-03
8.539610542356967926e-03
7.673977408558130264e-03
7.726003415882587433e-03
7.371991872787475586e-03
7.343558128923177719e-03
7.367453072220087051e-03
7.361592259258031845e-03
7.336643524467945099e-03
7.383939810097217560e-03
7.308898959308862686e-03
8.285507559776306152e-03
7.878571748733520508e-03
7.534516043961048126e-03
7.295622024685144424e-03
7.312194909900426865e-03
7.294051349163055420e-03
8.422479033470153809e-03
7.440075278282165527e-03
7.253421004861593246e-03
7.194548845291137695e-03
7.291409187018871307e-03
7.205269299447536469e-03
7.208825554698705673e-03
8.305201306939125061e-03
7.254573050886392593e-03
7.140396628528833389e-03
7.292506285011768341e-03
7.377455942332744598e-03
8.264361880719661713e-03
7.531152106821537018e-03
7.211939897388219833e-03
7.176540791988372803e-03
7.119211368262767792e-03
7.188236806541681290e-03
7.030761335045099258e-03
7.002082653343677521e-03
7.035578135401010513e-03
6.999849341809749603e-03
7.083797361701726913e-03
6.995005998760461807e-03
6.981681101024150848e-03
6.948994006961584091e-03
6.935695651918649673e-03
6.996424403041601181e-03
6.952906493097543716e-03
7.012481335550546646e-03
7.004494313150644302e-03
7.018968462944030762e-03
6.966728717088699341e-03
6.969017442315816879e-03
6.820087321102619171e-03
6.908048875629901886e-03
8.123969659209251404e-03
7.823322899639606476e-03
7.116256747394800186e-03
7.014805916696786880e-03
8.149368688464164734e-03
7.240524049848318100e-03
7.066686637699604034e-03
6.966919638216495514e-03
6.908796727657318115e-03
6.880593486130237579e-03
7.842527702450752258e-03
7.334969937801361084e-03
6.849502213299274445e-03
6.791466381400823593e-03
6.733197718858718872e-03
6.717267446219921112e-03
6.768338382244110107e-03
7.843253202736377716e-03
7.044813130050897598e-03
7.841655984520912170e-03
7.079503033310174942e-03
6.799781229346990585e-03
6.654502358287572861e-03
6.757491733878850937e-03
6.678827106952667236e-03
7.764140609651803970e-03
7.113143801689147949e-03
6.665042601525783539e-03
6.656828336417675018e-03
6.668023765087127686e-03
7.746532559394836426e-03
7.948106154799461365e-03
6.933969445526599884e-03
6.635340861976146698e-03
6.603083107620477676e-03
6.587567739188671112e-03
6.598344538360834122e-03
6.574246101081371307e-03
6.631420459598302841e-03
6.599140819162130356e-03
6.541250739246606827e-03
6.548444740474224091e-03
7.646483369171619415e-03
7.241713814437389374e-03
6.587985903024673462e-03
6.519208196550607681e-03
6.554716732352972031e-03
6.554956082254648209e-03
6.506273988634347916e-03
6.484666373580694199e-03
6.474229507148265839e-03
6.519512739032506943e-03
6.448347121477127075e-03
6.435598246753215790e-03
6.398552097380161285e-03
6.456743925809860229e-03
6.442917976528406143e-03
6.492243614047765732e-03
6.429602857679128647e-03
6.400431506335735321e-03
6.613762583583593369e-03
6.502652075141668320e-03
6.500207819044589996e-03
6.370142102241516113e-03
6.445630453526973724e-03
6.444466765969991684e-03
6.408010609447956085e-03
6.379159633070230484e-03
6.374529097229242325e-03
1.058530062437057495e-02
9.327776730060577393e-03
6.708958651870489120e-03
6.404934916645288467e-03
6.351679563522338867e-03
6.376026663929224014e-03
6.327299866825342178e-03
6.320816930383443832e-03
6.310363300144672394e-03
6.202068645507097244e-03
6.266666110605001450e-03
6.249968893826007843e-03
6.256366614252328873e-03
6.211747415363788605e-03
6.268639117479324341e-03
7.406532764434814453e-03
6.793928332626819611e-03
6.208202801644802094e-03
6.248014979064464569e-03
6.178298033773899078e-03
6.155379116535186768e-03
6.168222054839134216e-03
6.141250487416982651e-03
6.183446384966373444e-03
6.122297141700983047e-03
6.103950086981058121e-03
6.113852374255657196e-03
6.109208799898624420e-03
6.128885317593812943e-03
6.089019123464822769e-03
7.312762551009654999e-03
6.841246969997882843e-03
6.213561166077852249e-03
6.188988685607910156e-03
6.220495328307151794e-03
6.240314804017543793e-03
6.139870733022689819e-03
6.126499734818935394e-03
6.137545686215162277e-03
6.119731813669204712e-03
6.036006845533847809e-03
6.040976382791996002e-03
6.013889797031879425e-03
6.017431616783142090e-03
6.020372733473777771e-03
6.063748151063919067e-03
6.008288823068141937e-03
6.069055292755365372e-03
6.344880908727645874e-03
6.000603549182415009e-03
6.059356033802032471e-03
6.042796652764081955e-03
1.080385688692331314e-02
9.917669929563999176e-03
6.389926187694072723e-03
6.272835191339254379e-03
6.141609512269496918e-03
6.055037025362253189e-03
7.136343978345394135e-03
6.551006343215703964e-03
7.074737455695867538e-03
6.223288364708423615e-03
5.984510295093059540e-03
6.952272262424230576e-03
7.490006741136312485e-03
7.086495868861675262e-03
6.258009467273950577e-03
6.027457304298877716e-03
5.906451493501663208e-03
5.895958282053470612e-03
5.918491631746292114e-03
5.863971542567014694e-03
6.898642517626285553e-03
6.356141529977321625e-03
5.919993855059146881e-03
5.976811982691287994e-03
5.919955205172300339e-03
5.905838217586278915e-03
5.786969326436519623e-03
5.892004817724227905e-03
5.979832261800765991e-03
5.876322276890277863e-03
5.855680443346500397e-03
5.780014209449291229e-03
5.876230541616678238e-03
5.808108486235141754e-03
9.170585311949253082e-03
1.085739117115736008e-02
7.808767259120941162e-03
6.256243679672479630e-03
6.101052276790142059e-03
6.028487347066402435e-03
5.879435688257217407e-03
5.833308212459087372e-03
5.861139856278896332e-03
5.848707165569067001e-03
5.855021532624959946e-03
6.085123866796493530e-03
6.176973227411508560e-03
5.868573673069477081e-03
5.821880418807268143e-03
5.819429643452167511e-03
5.846827756613492966e-03
5.860563833266496658e-03
5.830531008541584015e-03
5.958845838904380798e-03
6.019053515046834946e-03
5.905219819396734238e-03
