2.009243488311767578e+00
9.308689832687377930e-01
4.952393472194671631e-01
3.864230513572692871e-01
3.376822471618652344e-01
3.131381273269653320e-01
2.918706536293029785e-01
2.832986116409301758e-01
2.614000439643859863e-01
2.528813779354095459e-01
2.376925945281982422e-01
2.263596802949905396e-01
2.176683396100997925e-01
2.084416896104812622e-01
2.002232521772384644e-01
1.932616680860519409e-01
1.899728178977966309e-01
1.797810047864913940e-01
1.788742989301681519e-01
1.685860753059387207e-01
1.654261052608489990e-01
1.567188203334808350e-01
1.522149592638015747e-01
1.480003893375396729e-01
1.463734656572341919e-01
1.392653584480285645e-01
1.449013203382492065e-01
1.361310929059982300e-01
1.290867626667022705e-01
1.256880015134811401e-01
1.228093132376670837e-01
1.195727735757827759e-01
1.168814450502395630e-01
1.153722777962684631e-01
1.127822399139404297e-01
1.105701699852943420e-01
1.084935814142227173e-01
1.065429598093032837e-01
1.057626232504844666e-01
1.031660288572311401e-01
1.010868698358535767e-01
1.000905260443687439e-01
9.865661710500717163e-02
9.702005237340927124e-02
9.490966796875000000e-02
9.351439774036407471e-02
9.202647209167480469e-02
9.109739959239959717e-02
8.972861617803573608e-02
8.857541531324386597e-02
8.719076961278915405e-02
8.701640367507934570e-02
8.505643159151077271e-02
8.356544375419616699e-02
8.225957304239273071e-02
8.102013915777206421e-02
8.229956775903701782e-02
7.919459044933319092e-02
7.809376716613769531e-02
7.714877277612686157e-02
7.611174881458282471e-02
7.511859387159347534e-02
7.400822639465332031e-02
7.330880314111709595e-02
7.283995300531387329e-02
7.144112884998321533e-02
7.046963274478912354e-02
6.965009123086929321e-02
6.865365803241729736e-02
6.828287988901138306e-02
6.734768301248550415e-02
6.576956063508987427e-02
6.562211364507675171e-02
6.439165025949478149e-02
6.377379596233367920e-02
6.279931217432022095e-02
6.249225139617919922e-02
6.152117252349853516e-02
6.238147616386413574e-02
6.080888584256172180e-02
5.918865278363227844e-02
5.834955722093582153e-02
5.782677978277206421e-02
5.697713419795036316e-02
5.700508505105972290e-02
5.641606450080871582e-02
5.483354255557060242e-02
5.493812635540962219e-02
5.446004122495651245e-02
5.334305018186569214e-02
5.287957936525344849e-02
5.907813459634780884e-02
5.250574275851249695e-02
5.132438614964485168e-02
5.174733325839042664e-02
5.028346925973892212e-02
4.939239099621772766e-02
4.866240173578262329e-02
4.928478971123695374e-02
4.771043732762336731e-02
4.743174836039543152e-02
4.645212739706039429e-02
4.613881558179855347e-02
4.550378024578094482e-02
4.497420042753219604e-02
4.458638653159141541e-02
4.393422976136207581e-02
4.356631264090538025e-02
4.407522827386856079e-02
4.328367859125137329e-02
4.261239618062973022e-02
4.174458235502243042e-02
4.152836650609970093e-02
4.085701704025268555e-02
3.999815136194229126e-02
3.953129053115844727e-02
4.015523940324783325e-02
3.914631158113479614e-02
3.864754363894462585e-02
3.885156661272048950e-02
3.761256113648414612e-02
3.720254451036453247e-02
3.665826842188835144e-02
3.628244251012802124e-02
3.582503274083137512e-02
3.557740896940231323e-02
3.530608490109443665e-02
3.445783257484436035e-02
3.432467207312583923e-02
3.385268524289131165e-02
3.403293713927268982e-02
3.326124697923660278e-02
3.284510597586631775e-02
3.259164467453956604e-02
3.235378116369247437e-02
3.277064859867095947e-02
3.191614896059036255e-02
3.233361989259719849e-02
3.104566596448421478e-02
3.278025239706039429e-02
3.024673834443092346e-02
2.991737052798271179e-02
2.977596595883369446e-02
2.941458858549594879e-02
3.005384281277656555e-02
2.893826737999916077e-02
2.862226590514183044e-02
2.819420769810676575e-02
2.826040983200073242e-02
2.801707386970520020e-02
2.725504711270332336e-02
2.740142308175563812e-02
2.690516971051692963e-02
2.684389986097812653e-02
2.650787308812141418e-02
2.631883881986141205e-02
2.607574127614498138e-02
2.604277990758419037e-02
2.564257755875587463e-02
2.529619261622428894e-02
2.524248324334621429e-02
2.498304843902587891e-02
2.601271867752075195e-02
2.440653927624225616e-02
2.444773726165294647e-02
2.412100136280059814e-02
2.413337305188179016e-02
2.373706921935081482e-02
2.528791502118110657e-02
2.349605783820152283e-02
2.443177253007888794e-02
2.292614616453647614e-02
2.312576211988925934e-02
2.298058941960334778e-02
2.244749665260314941e-02
2.235550060868263245e-02
2.220860868692398071e-02
2.203140035271644592e-02
2.191713824868202209e-02
2.281811833381652832e-02
2.143632248044013977e-02
2.152556367218494415e-02
2.136850357055664062e-02
2.114168368279933929e-02
2.104435861110687256e-02
2.094050869345664978e-02
2.331180870532989502e-02
2.098567783832550049e-02
2.055780030786991119e-02
2.055335976183414459e-02
2.017704769968986511e-02
2.124189957976341248e-02
1.982875168323516846e-02
1.999405212700366974e-02
1.972959935665130615e-02
1.963678002357482910e-02
1.965974643826484680e-02
1.952996291220188141e-02
2.071980014443397522e-02
1.956097222864627838e-02
1.907232403755187988e-02
1.899815164506435394e-02
1.889238879084587097e-02
1.881616935133934021e-02
1.898296549916267395e-02
1.854981668293476105e-02
1.849384233355522156e-02
1.955788768827915192e-02
1.861106418073177338e-02
1.828531362116336823e-02
1.811005733907222748e-02
1.814428530633449554e-02
1.912294514477252960e-02
1.788323745131492615e-02
1.780776306986808777e-02
1.771039143204689026e-02
1.764300093054771423e-02
1.758252643048763275e-02
1.758555695414543152e-02
1.735573075711727142e-02
1.738936640322208405e-02
1.724855974316596985e-02
1.719106920063495636e-02
1.711517944931983948e-02
1.707376167178153992e-02
1.692736521363258362e-02
1.691409014165401459e-02
1.685686409473419189e-02
1.679181680083274841e-02
1.782066002488136292e-02
1.667390391230583191e-02
1.655290648341178894e-02
1.653547585010528564e-02
1.646259054541587830e-02
1.636086963117122650e-02
1.631769910454750061e-02
1.618048176169395447e-02
1.612806692719459534e-02
1.612856984138488770e-02
1.603289321064949036e-02
1.599808596074581146e-02
1.592812128365039825e-02
1.583473756909370422e-02
1.576023921370506287e-02
1.569848880171775818e-02
1.561490632593631744e-02
1.556491106748580933e-02
1.555265486240386963e-02
1.549409795552492142e-02
1.538272481411695480e-02
1.649627462029457092e-02
1.565352454781532288e-02
1.515895314514636993e-02
1.510657649487257004e-02
1.506222784519195557e-02
1.499072182923555374e-02
1.494469959288835526e-02
1.493478752672672272e-02
1.597618125379085541e-02
1.480894722044467926e-02
1.484291814267635345e-02
1.463478524237871170e-02
1.463152002543210983e-02
1.459396444261074066e-02
1.449796557426452637e-02
1.438730023801326752e-02
1.440990902483463287e-02
1.437420956790447235e-02
1.434319186955690384e-02
1.424400229007005692e-02
1.460503041744232178e-02
1.437127310782670975e-02
1.405858062207698822e-02
1.402300316840410233e-02
1.394813694059848785e-02
1.394989900290966034e-02
1.387585140764713287e-02
1.517765503376722336e-02
1.496829092502593994e-02
1.617067307233810425e-02
1.397133152931928635e-02
1.389228552579879761e-02
1.368095166981220245e-02
1.366030238568782806e-02
1.349579729139804840e-02
1.350057404488325119e-02
1.362091582268476486e-02
1.334594376385211945e-02
1.334634982049465179e-02
1.319965720176696777e-02
1.327973604202270508e-02
1.419139187783002853e-02
1.320929266512393951e-02
1.422081422060728073e-02
1.304436288774013519e-02
1.302909292280673981e-02
1.298796199262142181e-02
1.302652340382337570e-02
1.504322886466979980e-02
1.308023650199174881e-02
1.294956170022487640e-02
1.277565397322177887e-02
1.275471132248640060e-02
1.267918385565280914e-02
1.261260919272899628e-02
1.258801203221082687e-02
1.256642676889896393e-02
1.248983107507228851e-02
1.247722469270229340e-02
1.242051459848880768e-02
1.232528034597635269e-02
1.228246465325355530e-02
1.234608888626098633e-02
1.226509921252727509e-02
1.226253621280193329e-02
1.223511435091495514e-02
1.218154374510049820e-02
1.210811547935009003e-02
1.208366360515356064e-02
1.207946240901947021e-02
1.195499859750270844e-02
1.197276078164577484e-02
1.195524726063013077e-02
1.190432626754045486e-02
1.185087859630584717e-02
1.183172035962343216e-02
1.176547445356845856e-02
1.180997025221586227e-02
1.179515384137630463e-02
1.167912874370813370e-02
1.164397224783897400e-02
1.164025347679853439e-02
1.216371357440948486e-02
1.267134118825197220e-02
1.177841424942016602e-02
1.162631250917911530e-02
1.142778526991605759e-02
1.143849361687898636e-02
1.152163557708263397e-02
1.135947741568088531e-02
1.129127107560634613e-02
1.126844715327024460e-02
1.127225346863269806e-02
1.121127419173717499e-02
1.119534205645322800e-02
1.113534159958362579e-02
1.119406986981630325e-02
1.112976390868425369e-02
1.113252248615026474e-02
1.922922208905220032e-02
1.299594342708587646e-02
1.158545445650815964e-02
1.224448718130588531e-02
1.132004428654909134e-02
1.117814145982265472e-02
1.090372540056705475e-02
1.091917604207992554e-02
1.087255775928497314e-02
1.088478602468967438e-02
1.080197282135486603e-02
1.082717441022396088e-02
1.078745536506175995e-02
1.081419922411441803e-02
1.077247690409421921e-02
1.075440458953380585e-02
1.081732660531997681e-02
1.068698801100254059e-02
1.069730892777442932e-02
1.072704605758190155e-02
1.170260179787874222e-02
1.084331609308719635e-02
1.057463418692350388e-02
1.062679570168256760e-02
1.054257620126008987e-02
1.053683087229728699e-02
1.045956276357173920e-02
1.075356267392635345e-02
1.039428450167179108e-02
1.049371622502803802e-02
1.039495225995779037e-02
1.040801219642162323e-02
1.048187166452407837e-02
1.147199142724275589e-02
1.048396527767181396e-02
1.144016720354557037e-02
1.048438251018524170e-02
1.040809229016304016e-02
1.035107951611280441e-02
1.029969193041324615e-02
1.047056354582309723e-02
1.133239548653364182e-02
1.043506339192390442e-02
1.041992008686065674e-02
1.017286628484725952e-02
1.019058562815189362e-02
1.013497263193130493e-02
1.125029288232326508e-02
1.025612372905015945e-02
1.011120527982711792e-02
1.017352472990751266e-02
1.006012223660945892e-02
1.010601501911878586e-02
1.012145727872848511e-02
1.008325070142745972e-02
1.003858353942632675e-02
1.006852090358734131e-02
9.936047717928886414e-03
1.001874357461929321e-02
9.932083077728748322e-03
9.905232116580009460e-03
9.999899193644523621e-03
9.837835095822811127e-03
9.885324165225028992e-03
9.981294162571430206e-03
9.795716032385826111e-03
1.086562126874923706e-02
1.001292187720537186e-02
9.708844125270843506e-03
9.710669517517089844e-03
9.932591579854488373e-03
9.700912050902843475e-03
9.667615406215190887e-03
9.670511819422245026e-03
9.692095220088958740e-03
9.868263266980648041e-03
9.663844481110572815e-03
9.648022241890430450e-03
9.684937074780464172e-03
9.685503318905830383e-03
9.660683572292327881e-03
9.636886417865753174e-03
9.765409864485263824e-03
9.621093980967998505e-03
9.579243138432502747e-03
9.730319492518901825e-03
9.526150301098823547e-03
9.536671452224254608e-03
9.523061104118824005e-03
9.460578672587871552e-03
9.521765634417533875e-03
9.540261700749397278e-03
9.575530886650085449e-03
9.422031231224536896e-03
9.447578340768814087e-03
9.381813928484916687e-03
9.394219145178794861e-03
9.441179223358631134e-03
1.047571748495101929e-02
9.607519023120403290e-03
9.324517101049423218e-03
9.464027360081672668e-03
9.418623521924018860e-03
9.343340992927551270e-03
9.246195666491985321e-03
1.032999344170093536e-02
9.559932164847850800e-03
9.168731980025768280e-03
9.277897886931896210e-03
1.022503897547721863e-02
9.299285709857940674e-03
9.196037426590919495e-03
9.198886342346668243e-03
9.183170273900032043e-03
1.015661656856536865e-02
9.292921051383018494e-03
9.190966375172138214e-03
9.175506420433521271e-03
9.124237112700939178e-03
9.078455157577991486e-03
9.072573855519294739e-03
9.061736054718494415e-03
9.218590334057807922e-03
9.069141931831836700e-03
8.968045935034751892e-03
9.071241132915019989e-03
1.025844365358352661e-02
9.170847013592720032e-03
9.019115939736366272e-03
8.967292495071887970e-03
8.974405936896800995e-03
9.126191958785057068e-03
8.946241810917854309e-03
8.960714563727378845e-03
8.934806101024150848e-03
9.165671654045581818e-03
8.942383341491222382e-03
8.854016661643981934e-03
8.946972899138927460e-03
8.897757157683372498e-03
8.812757208943367004e-03
8.837926201522350311e-03
8.869776502251625061e-03
8.837980218231678009e-03
8.888266049325466156e-03
8.802991360425949097e-03
8.841429837048053741e-03
8.709745481610298157e-03
8.809980005025863647e-03
8.756707422435283661e-03
8.662775158882141113e-03
8.618613705039024353e-03
8.633745834231376648e-03
8.781315758824348450e-03
8.804699406027793884e-03
8.762280456721782684e-03
8.797494694590568542e-03
8.762599900364875793e-03
8.661086671054363251e-03
8.763395249843597412e-03
8.816320449113845825e-03
9.772368706762790680e-03
8.800831623375415802e-03
8.760144002735614777e-03
8.739230223000049591e-03
8.592818863689899445e-03
8.630684576928615570e-03
8.751183748245239258e-03
8.526044897735118866e-03
8.566594682633876801e-03
8.593735285103321075e-03
8.601903915405273438e-03
8.625475689768791199e-03
8.609910495579242706e-03
8.547556586563587189e-03
8.506349287927150726e-03
8.552387356758117676e-03
8.466986939311027527e-03
8.462740108370780945e-03
8.596846833825111389e-03
8.661818690598011017e-03
8.471861481666564941e-03
8.364561945199966431e-03
8.448454551398754120e-03
8.413331583142280579e-03
8.419938385486602783e-03
8.378898724913597107e-03
8.340187370777130127e-03
8.344624191522598267e-03
8.271912112832069397e-03
8.361386135220527649e-03
8.368194103240966797e-03
8.336653932929039001e-03
9.394909255206584930e-03
8.474081754684448242e-03
9.364662691950798035e-03
8.582929149270057678e-03
8.464545011520385742e-03
8.295621722936630249e-03
8.292159065604209900e-03
8.277466520667076111e-03
8.405888453125953674e-03
8.298640139400959015e-03
8.427666500210762024e-03
8.375738747417926788e-03
9.422725997865200043e-03
8.340264670550823212e-03
8.278858847916126251e-03
8.103581145405769348e-03
8.249161764979362488e-03
9.372178465127944946e-03
8.340063504874706268e-03
8.167769759893417358e-03
8.143868297338485718e-03
8.158156648278236389e-03
8.154176175594329834e-03
8.153236471116542816e-03
8.061338216066360474e-03
8.182088844478130341e-03
7.992917671799659729e-03
8.002170361578464508e-03
8.035632781684398651e-03
8.022335357964038849e-03
8.025092072784900665e-03
8.057691156864166260e-03
8.119995705783367157e-03
8.047773502767086029e-03
7.965951226651668549e-03
7.978264242410659790e-03
8.090892806649208069e-03
7.905189879238605499e-03
9.156683459877967834e-03
8.419835940003395081e-03
1.485132612287998199e-02
1.074520125985145569e-02
8.765787817537784576e-03
8.173960261046886444e-03
7.934092544019222260e-03
7.844689302146434784e-03
7.894326932728290558e-03
7.872447371482849121e-03
7.989361882209777832e-03
7.915833964943885803e-03
8.998470380902290344e-03
7.950127124786376953e-03
7.861352525651454926e-03
7.906200364232063293e-03
7.799333427101373672e-03
8.869144134223461151e-03
9.016422554850578308e-03
7.837940938770771027e-03
7.817480713129043579e-03
7.773623801767826080e-03
7.821418344974517822e-03
7.798192556947469711e-03
7.783910725265741348e-03
7.664086762815713882e-03
7.662542164325714111e-03
7.710251025855541229e-03
7.682444062083959579e-03
7.835755124688148499e-03
7.666168268769979477e-03
7.678907364606857300e-03
7.659886963665485382e-03
7.774443365633487701e-03
7.779187057167291641e-03
7.682248950004577637e-03
7.779695093631744385e-03
7.965194992721080780e-03
7.821179926395416260e-03
7.886518724262714386e-03
7.809209171682596207e-03
7.905216887593269348e-03
7.809688802808523178e-03
7.788019720464944839e-03
7.621800992637872696e-03
7.615262176841497421e-03
8.787234313786029816e-03
7.807958871126174927e-03
7.638170383870601654e-03
7.737553678452968597e-03
7.650812622159719467e-03
7.560068275779485703e-03
7.546096108853816986e-03
8.701894432306289673e-03
7.947484031319618225e-03
7.569494191557168961e-03
7.498346269130706787e-03
7.527755107730627060e-03
7.555454969406127930e-03
8.619058877229690552e-03
7.652855478227138519e-03
1.353772543370723724e-02
1.022684015333652496e-02
8.048281073570251465e-03
8.549490943551063538e-03
7.539704442024230957e-03
7.360674440860748291e-03
7.386443670839071274e-03
7.398039102554321289e-03
7.403063122183084488e-03
7.373863365501165390e-03
7.449090480804443359e-03
7.349386811256408691e-03
7.338337600231170654e-03
7.321625947952270508e-03
7.317358162254095078e-03
7.346720900386571884e-03
7.387039251625537872e-03
7.399535272270441055e-03
7.417649030685424805e-03
7.329785730689764023e-03
7.313327398151159286e-03
7.348948623985052109e-03
7.260964717715978622e-03
7.251354865729808807e-03
7.313553243875503540e-03
7.228550501167774200e-03
7.176528684794902802e-03
7.410913705825805664e-03
7.328171283006668091e-03
8.356673642992973328e-03
7.461415138095617294e-03
7.231934927403926849e-03
7.263691630214452744e-03
7.236308418214321136e-03
1.292786281555891037e-02
1.021717302501201630e-02
8.312257938086986542e-03
7.896523922681808472e-03
7.463118527084589005e-03
7.190813310444355011e-03
7.244552019983530045e-03
7.216492202132940292e-03
7.305274717509746552e-03
7.216088473796844482e-03
7.213309407234191895e-03
7.145352661609649658e-03
7.184839341789484024e-03
7.191090378910303116e-03
7.209063973277807236e-03
7.238986901938915253e-03
7.239417638629674911e-03
7.145666982978582382e-03
7.119054906070232391e-03
7.147148251533508301e-03
7.146571762859821320e-03
7.150432560592889786e-03
7.109249942004680634e-03
7.123850286006927490e-03
8.191172964870929718e-03
8.346085436642169952e-03
7.295479532331228256e-03
7.095133420079946518e-03
7.051388733088970184e-03
7.086002733558416367e-03
7.052841596305370331e-03
7.070200052112340927e-03
6.988557986915111542e-03
6.972397211939096451e-03
6.991516798734664917e-03
7.050662301480770111e-03
7.026119623333215714e-03
7.038026116788387299e-03
6.959395017474889755e-03
7.001407444477081299e-03
6.943342275917530060e-03
6.964458618313074112e-03
6.977818906307220459e-03
7.004898972809314728e-03
6.940937601029872894e-03
6.954621523618698120e-03
7.255796343088150024e-03
6.955939345061779022e-03
6.957480218261480331e-03
6.902381777763366699e-03
6.898986641317605972e-03
6.926523055881261826e-03
6.890884134918451309e-03
6.915235426276922226e-03
6.864007562398910522e-03
6.908950395882129669e-03
6.874577607959508896e-03
7.012615446001291275e-03
6.906321737915277481e-03
7.060516625642776489e-03
7.003515958786010742e-03
6.793679203838109970e-03
7.025992963463068008e-03
6.956714205443859100e-03
7.893005385994911194e-03
7.007663138210773468e-03
6.943269632756710052e-03
6.744490470737218857e-03
6.822984665632247925e-03
6.804315838962793350e-03
7.893795147538185120e-03
6.849422119557857513e-03
6.723409984260797501e-03
6.723488681018352509e-03
6.810330785810947418e-03
6.780499126762151718e-03
6.727145519107580185e-03
6.746068596839904785e-03
6.761615164577960968e-03
6.684079766273498535e-03
6.681639701128005981e-03
6.635716650635004044e-03
6.618740968406200409e-03
7.761952932924032211e-03
6.878982298076152802e-03
6.653232965618371964e-03
6.624285131692886353e-03
6.686048116534948349e-03
6.706236395984888077e-03
6.651964969933032990e-03
6.668492220342159271e-03
6.695963442325592041e-03
6.764660589396953583e-03
6.594906095415353775e-03
6.945014931261539459e-03
7.850912399590015411e-03
7.829530164599418640e-03
6.819146685302257538e-03
6.650897674262523651e-03
7.646436803042888641e-03
6.728620734065771103e-03
6.621412932872772217e-03
6.687945686280727386e-03
7.622884120792150497e-03
6.662613246589899063e-03
6.611512042582035065e-03
6.643417291343212128e-03
6.589643657207489014e-03
6.474462337791919708e-03
6.520862691104412079e-03
6.467799190431833267e-03
6.473703775554895401e-03
6.572644226253032684e-03
6.610152777284383774e-03
7.738107349723577499e-03
6.601329892873764038e-03
6.603579968214035034e-03
6.458208896219730377e-03
6.476810667663812637e-03
6.475419737398624420e-03
6.409945897758007050e-03
6.411469075828790665e-03
6.425708532333374023e-03
6.372060626745223999e-03
6.459776312112808228e-03
6.367399357259273529e-03
6.382717750966548920e-03
6.380830891430377960e-03
7.412192411720752716e-03
6.516914814710617065e-03
7.432327605783939362e-03
6.439648568630218506e-03
6.396119948476552963e-03
6.311533506959676743e-03
6.382650695741176605e-03
6.327582988888025284e-03
6.319726817309856415e-03
6.268852856010198593e-03
6.395992822945117950e-03
6.412504706531763077e-03
6.303491536527872086e-03
6.529733538627624512e-03
6.342045962810516357e-03
6.364072673022747040e-03
7.323554251343011856e-03
6.422802805900573730e-03
6.308735813945531845e-03
6.250692065805196762e-03
6.198288872838020325e-03
6.308773998171091080e-03
6.249682046473026276e-03
6.272387690842151642e-03
7.169260177761316299e-03
6.295534316450357437e-03
6.184670142829418182e-03
6.124791689217090607e-03
6.124148145318031311e-03
6.138535682111978531e-03
6.248511373996734619e-03
6.081431172788143158e-03
6.176001392304897308e-03
6.108183879405260086e-03
1.095527410507202148e-02
9.499135427176952362e-03
6.829610560089349747e-03
6.264305207878351212e-03
6.247428245842456818e-03
1.062052696943283081e-02
8.828713558614253998e-03
6.705280393362045288e-03
6.319968495517969131e-03
6.098821293562650681e-03
6.063388194888830185e-03
5.997175816446542740e-03
6.039781030267477036e-03
6.027594674378633499e-03
6.059257779270410538e-03
6.003262940794229507e-03
5.989986471831798553e-03
5.946642719209194183e-03
5.966487340629100800e-03
5.951447878032922745e-03
5.896491464227437973e-03
6.183975841850042343e-03
5.935714580118656158e-03
5.956826265901327133e-03
5.887543316930532455e-03
6.001780740916728973e-03
5.958657711744308472e-03
6.963537074625492096e-03
6.123438011854887009e-03
5.957541521638631821e-03
5.838970653712749481e-03
6.916920654475688934e-03
6.019460968673229218e-03
6.927465554326772690e-03
6.098691374063491821e-03
5.834371782839298248e-03
6.937004625797271729e-03
5.934933200478553772e-03
6.856555584818124771e-03
6.925647146999835968e-03
6.892724428325891495e-03
5.820370279252529144e-03
5.998134613037109375e-03
6.781299598515033722e-03
5.835368297994136810e-03
5.778727587312459946e-03
5.811917595565319061e-03
5.819052457809448242e-03
6.795826368033885956e-03
5.828039254993200302e-03
5.839467979967594147e-03
5.847770720720291138e-03
5.829898174852132797e-03
6.873129401355981827e-03
5.869269371032714844e-03
5.988822784274816513e-03
5.900422576814889908e-03
5.833571311086416245e-03
5.980948917567729950e-03
6.697248667478561401e-03
5.905608646571636200e-03
5.776846315711736679e-03
5.836301017552614212e-03
5.657329224050045013e-03
1.020561158657073975e-02
9.080646559596061707e-03
6.288315169513225555e-03
5.688299890607595444e-03
5.747540388256311417e-03
5.680335219949483871e-03
5.636174231767654419e-03
5.584777332842350006e-03
5.549311172217130661e-03
5.558253265917301178e-03
9.664786048233509064e-03
8.570403791964054108e-03
6.096824072301387787e-03
5.688752047717571259e-03
5.663353484123945236e-03
5.589180625975131989e-03
5.556838121265172958e-03
5.478505976498126984e-03
5.467648152261972427e-03
5.476790014654397964e-03
6.573541555553674698e-03
5.596854723989963531e-03
5.479303188621997833e-03
5.527670495212078094e-03
5.591828376054763794e-03
5.439433734863996506e-03
6.489823106676340103e-03
5.538993515074253082e-03
5.411650519818067551e-03
5.407811142504215240e-03
5.708103068172931671e-03
5.499701015651226044e-03
5.395307205617427826e-03
5.543568171560764313e-03
5.458426661789417267e-03
5.402476992458105087e-03
5.404398776590824127e-03
5.387789104133844376e-03
5.447077564895153046e-03
5.337069742381572723e-03
5.338944029062986374e-03
6.391018629074096680e-03
6.644333712756633759e-03
5.523726809769868851e-03
5.356417037546634674e-03
5.347411148250102997e-03
5.426622927188873291e-03
5.302093923091888428e-03
5.312630441039800644e-03
5.275147501379251480e-03
5.427274852991104126e-03
5.382646340876817703e-03
5.498088896274566650e-03
5.390298552811145782e-03
5.474646110087633133e-03
6.391502916812896729e-03
5.443833302706480026e-03
5.321993492543697357e-03
5.292595829814672470e-03
5.247872322797775269e-03
5.325064994394779205e-03
5.343431141227483749e-03
5.464019719511270523e-03
5.388614721596240997e-03
5.527085158973932266e-03
5.485343281179666519e-03
5.253091454505920410e-03
5.372504703700542450e-03
5.212808959186077118e-03
5.297431722283363342e-03
6.342981010675430298e-03
5.440311972051858902e-03
5.291821900755167007e-03
5.312561057507991791e-03
5.260482430458068848e-03
5.251427646726369858e-03
5.232378840446472168e-03
5.229189991950988770e-03
5.277372896671295166e-03
5.187443457543849945e-03
5.165462847799062729e-03
5.148064345121383667e-03
5.112865474075078964e-03
5.167024675756692886e-03
5.187969654798507690e-03
5.237082485109567642e-03
5.149700678884983063e-03
5.128359422087669373e-03
5.092520266771316528e-03
5.113000515848398209e-03
5.152863916009664536e-03
5.143293179571628571e-03
5.118614528328180313e-03
5.348688922822475433e-03
5.143527872860431671e-03
5.298919975757598877e-03
5.193559452891349792e-03
5.215865559875965118e-03
5.130634643137454987e-03
5.141539499163627625e-03
