4.164905548095703125e+00
3.042898178100585938e+00
1.973747611045837402e+00
1.070486664772033691e+00
6.126692891120910645e-01
4.719352722167968750e-01
3.971135020256042480e-01
3.487832248210906982e-01
3.135049343109130859e-01
2.834530770778656006e-01
2.602331042289733887e-01
2.435726225376129150e-01
2.304829657077789307e-01
2.224291861057281494e-01
2.086739540100097656e-01
2.038671523332595825e-01
1.896673738956451416e-01
1.827469319105148315e-01
1.827765405178070068e-01
1.751460582017898560e-01
1.688946485519409180e-01
1.604737341403961182e-01
1.533741056919097900e-01
1.491653770208358765e-01
1.462784111499786377e-01
1.406233459711074829e-01
1.422579288482666016e-01
1.337904036045074463e-01
1.305151432752609253e-01
1.321422606706619263e-01
1.243764534592628479e-01
1.225183010101318359e-01
1.189577355980873108e-01
1.178386434912681580e-01
1.144514530897140503e-01
1.125569120049476624e-01
1.104406714439392090e-01
1.081212311983108521e-01
1.074001565575599670e-01
1.048505529761314392e-01
1.059146374464035034e-01
1.009424701333045959e-01
1.034060120582580566e-01
9.764076769351959229e-02
9.605010598897933960e-02
9.394637495279312134e-02
9.272972494363784790e-02
9.196044504642486572e-02
9.027632325887680054e-02
8.862523734569549561e-02
9.053978323936462402e-02
8.609308302402496338e-02
8.459152281284332275e-02
8.307281881570816040e-02
8.247439563274383545e-02
8.577406406402587891e-02
8.109317719936370850e-02
8.666534721851348877e-02
8.604614436626434326e-02
7.949890196323394775e-02
7.555008679628372192e-02
7.500384747982025146e-02
7.460887730121612549e-02
7.243132591247558594e-02
7.203067839145660400e-02
7.101491838693618774e-02
7.087342441082000732e-02
6.981476396322250366e-02
6.880085170269012451e-02
6.757201254367828369e-02
6.677186489105224609e-02
6.606755405664443970e-02
6.553191691637039185e-02
6.566852331161499023e-02
6.360539048910140991e-02
6.304638087749481201e-02
6.257185339927673340e-02
6.153962016105651855e-02
6.060209125280380249e-02
6.164667755365371704e-02
6.006368249654769897e-02
5.854862183332443237e-02
5.888075381517410278e-02
5.749195814132690430e-02
6.451989710330963135e-02
5.685069039463996887e-02
5.585622042417526245e-02
5.540601164102554321e-02
5.412598699331283569e-02
5.405144765973091125e-02
5.349037796258926392e-02
5.251706764101982117e-02
5.170392990112304688e-02
5.108454078435897827e-02
5.100333690643310547e-02
5.025134235620498657e-02
4.968761280179023743e-02
4.916996881365776062e-02
4.826157167553901672e-02
4.806096479296684265e-02
4.730517417192459106e-02
4.706091433763504028e-02
4.629043862223625183e-02
4.631263762712478638e-02
4.566169157624244690e-02
4.505233839154243469e-02
4.490672424435615540e-02
4.446105286478996277e-02
4.360578209161758423e-02
4.320091009140014648e-02
4.267434403300285339e-02
4.329544305801391602e-02
4.155612736940383911e-02
4.121921956539154053e-02
4.217927902936935425e-02
4.057935252785682678e-02
4.034960642457008362e-02
3.969662263989448547e-02
3.921030089259147644e-02
3.877867013216018677e-02
3.825321421027183533e-02
3.765457496047019958e-02
3.742774575948715210e-02
3.712594509124755859e-02
3.653076291084289551e-02
3.628033399581909180e-02
3.586186096072196960e-02
3.540116176009178162e-02
3.472334146499633789e-02
3.452601283788681030e-02
3.488343954086303711e-02
3.452932089567184448e-02
3.307443857192993164e-02
3.273831680417060852e-02
3.234032168984413147e-02
4.006489366292953491e-02
3.261705860495567322e-02
3.276258707046508789e-02
3.143792226910591125e-02
3.298178687691688538e-02
3.074976801872253418e-02
3.007837571203708649e-02
2.998164296150207520e-02
2.962418273091316223e-02
2.955734729766845703e-02
3.033206425607204437e-02
2.890450134873390198e-02
2.861363813281059265e-02
2.833485044538974762e-02
2.813152410089969635e-02
2.774515189230442047e-02
2.746850252151489258e-02
2.735378220677375793e-02
2.686095610260963440e-02
2.665496245026588440e-02
2.655944600701332092e-02
2.634426392614841461e-02
2.618738450109958649e-02
2.592099644243717194e-02
2.558738552033901215e-02
2.531145140528678894e-02
2.538032270967960358e-02
2.506219781935214996e-02
2.465465292334556580e-02
2.455957792699337006e-02
2.435854636132717133e-02
2.427612803876399994e-02
2.414635382592678070e-02
2.385395765304565430e-02
2.358739264309406281e-02
2.334095537662506104e-02
2.333841286599636078e-02
2.303045429289340973e-02
2.291617356240749359e-02
2.272375486791133881e-02
2.728262543678283691e-02
2.353650704026222229e-02
2.228401601314544678e-02
2.213278785347938538e-02
2.194292470812797546e-02
2.175279520452022552e-02
2.957879379391670227e-02
2.233573608100414276e-02
2.156229875981807709e-02
2.128778584301471710e-02
2.123184874653816223e-02
2.099283039569854736e-02
2.373841591179370880e-02
2.118238247931003571e-02
2.074715308845043182e-02
2.052288502454757690e-02
2.037989534437656403e-02
2.026505023241043091e-02
2.020567655563354492e-02
2.007775381207466125e-02
1.990775391459465027e-02
1.979456469416618347e-02
1.976466551423072815e-02
1.996349729597568512e-02
1.950096525251865387e-02
1.942169666290283203e-02
1.932826824486255646e-02
1.924802549183368683e-02
1.910905167460441589e-02
2.018325217068195343e-02
1.903991028666496277e-02
1.890492811799049377e-02
1.880796253681182861e-02
1.865225657820701599e-02
1.857482455670833588e-02
1.865000464022159576e-02
1.838588714599609375e-02
1.843528263270854950e-02
1.829618029296398163e-02
1.817744411528110504e-02
1.811194419860839844e-02
1.801231876015663147e-02
1.789552345871925354e-02
1.786031946539878845e-02
1.856482960283756256e-02
1.785790733993053436e-02
1.756170019507408142e-02
1.754432544112205505e-02
1.744317635893821716e-02
1.735778339207172394e-02
1.729979179799556732e-02
1.716287806630134583e-02
1.715081557631492615e-02
1.703057624399662018e-02
1.701971516013145447e-02
1.687449216842651367e-02
1.692348718643188477e-02
2.489936724305152893e-02
1.759221591055393219e-02
1.810249313712120056e-02
1.688024215400218964e-02
1.650691591203212738e-02
1.651327684521675110e-02
1.665377244353294373e-02
1.634367182850837708e-02
1.631876453757286072e-02
1.624326780438423157e-02
1.616560667753219604e-02
2.417840063571929932e-02
1.704555749893188477e-02
1.625350490212440491e-02
1.612615026533603668e-02
1.677373796701431274e-02
1.720800064504146576e-02
1.633278280496597290e-02
1.581385172903537750e-02
1.568961516022682190e-02
1.568442583084106445e-02
1.557590533047914505e-02
1.550453435629606247e-02
1.551248598843812943e-02
1.542918104678392410e-02
1.537423767149448395e-02
1.534926611930131912e-02
1.532589178532361984e-02
1.526228338479995728e-02
1.515844464302062988e-02
1.517457794398069382e-02
1.508363150060176849e-02
1.626328565180301666e-02
1.548210531473159790e-02
1.505135744810104370e-02
1.506713777780532837e-02
1.504022162407636642e-02
1.496364176273345947e-02
1.477780472487211227e-02
1.610795781016349792e-02
1.520039886236190796e-02
1.466236077249050140e-02
1.458631735295057297e-02
1.450144778937101364e-02
1.453135907649993896e-02
1.442552823573350906e-02
1.548430044203996658e-02
1.464876532554626465e-02
1.432312093675136566e-02
1.420634705573320389e-02
1.422749739140272141e-02
1.423537172377109528e-02
1.454457081854343414e-02
1.423325575888156891e-02
1.419329363852739334e-02
1.526409946382045746e-02
1.433988101780414581e-02
1.394596416503190994e-02
1.392294466495513916e-02
1.428408920764923096e-02
1.385503821074962616e-02
1.377579290419816971e-02
1.364210247993469238e-02
1.362480502575635910e-02
1.352597214281558990e-02
1.341984421014785767e-02
1.340052206069231033e-02
1.337907183915376663e-02
1.332412939518690109e-02
1.329684816300868988e-02
1.331473700702190399e-02
1.333142258226871490e-02
1.328007876873016357e-02
1.333611272275447845e-02
1.323350239545106888e-02
1.316717267036437988e-02
1.335869450122117996e-02
1.439036242663860321e-02
1.354218088090419769e-02
1.288265548646450043e-02
1.276383083313703537e-02
1.273240149021148682e-02
1.261100638657808304e-02
1.259854156523942947e-02
1.255815010517835617e-02
1.251607574522495270e-02
1.244435738772153854e-02
1.244844309985637665e-02
1.240412890911102295e-02
1.233822666108608246e-02
1.230455376207828522e-02
1.297101099044084549e-02
1.311988104134798050e-02
2.053379639983177185e-02
1.361633278429508209e-02
1.250935625284910202e-02
1.228917390108108521e-02
1.219202298671007156e-02
1.207632292062044144e-02
1.192727498710155487e-02
1.197024434804916382e-02
1.183644961565732956e-02
1.186155993491411209e-02
1.307515613734722137e-02
1.204976998269557953e-02
1.179170329123735428e-02
1.173966191709041595e-02
1.171886641532182693e-02
1.165494788438081741e-02
1.165126077830791473e-02
1.156078185886144638e-02
1.152816507965326309e-02
1.154865603893995285e-02
1.148842461407184601e-02
1.146531384438276291e-02
1.256770174950361252e-02
1.168175507336854935e-02
1.142722088843584061e-02
1.137126795947551727e-02
1.138583105057477951e-02
1.127693057060241699e-02
1.121379435062408447e-02
1.128769572824239731e-02
1.122659910470247269e-02
1.906569860875606537e-02
1.261065900325775146e-02
1.142636500298976898e-02
1.137865521013736725e-02
1.139000244438648224e-02
1.120571792125701904e-02
1.100954692810773849e-02
1.102990563958883286e-02
1.104794256389141083e-02
1.102545019239187241e-02
1.094031706452369690e-02
1.088854111731052399e-02
1.084711495786905289e-02
1.857937499880790710e-02
1.223359256982803345e-02
1.119734905660152435e-02
1.086092274636030197e-02
1.100341416895389557e-02
1.078094448894262314e-02
1.065503526479005814e-02
1.179287023842334747e-02
1.101482845842838287e-02
1.058736164122819901e-02
1.074093859642744064e-02
1.054510287940502167e-02
1.058293133974075317e-02
1.058457046747207642e-02
1.156304590404033661e-02
1.079108007252216339e-02
1.047175750136375427e-02
1.154249720275402069e-02
1.075340900570154190e-02
1.050527952611446381e-02
1.034139096736907959e-02
1.034338213503360748e-02
1.029612310230731964e-02
1.030121278017759323e-02
1.034965924918651581e-02
1.025802362710237503e-02
1.025004684925079346e-02
1.020035706460475922e-02
1.012676768004894257e-02
1.018592994660139084e-02
1.024067681282758713e-02
1.023343205451965332e-02
1.017851941287517548e-02
1.030158065259456635e-02
1.020009629428386688e-02
1.018817909061908722e-02
1.011761929839849472e-02
1.012326590716838837e-02
1.126475352793931961e-02
1.057722978293895721e-02
1.027751900255680084e-02
1.020591519773006439e-02
1.011565513908863068e-02
1.005508378148078918e-02
1.005485374480485916e-02
9.910355322062969208e-03
9.965735487639904022e-03
9.876266121864318848e-03
9.863175451755523682e-03
9.765257127583026886e-03
9.806218557059764862e-03
9.861535392701625824e-03
9.960329160094261169e-03
9.743842296302318573e-03
9.756323881447315216e-03
9.662270545959472656e-03
9.684425778687000275e-03
9.891109541058540344e-03
9.657902643084526062e-03
9.642777033150196075e-03
9.687356650829315186e-03
9.675534442067146301e-03
9.528587572276592255e-03
9.598779492080211639e-03
9.524196386337280273e-03
9.562738239765167236e-03
9.553297422826290131e-03
9.808033704757690430e-03
9.556173346936702728e-03
9.500548243522644043e-03
9.513081982731819153e-03
9.383311495184898376e-03
1.048454362899065018e-02
9.821943938732147217e-03
9.421849623322486877e-03
9.461035020649433136e-03
9.406249970197677612e-03
9.446947835385799408e-03
9.270307607948780060e-03
9.306896477937698364e-03
9.352287277579307556e-03
9.215520694851875305e-03
9.380759671330451965e-03
9.265247732400894165e-03
9.196566417813301086e-03
9.264823980629444122e-03
9.212331846356391907e-03
1.669960282742977142e-02
1.095688156783580780e-02
9.594673290848731995e-03
1.021753251552581787e-02
9.572265669703483582e-03
9.154343977570533752e-03
9.061224758625030518e-03
8.992728777229785919e-03
9.020632132887840271e-03
8.987661451101303101e-03
9.018577635288238525e-03
9.040650911629199982e-03
8.983188308775424957e-03
8.961157873272895813e-03
8.926419541239738464e-03
8.931336924433708191e-03
8.930641226470470428e-03
8.843785151839256287e-03
8.864333853125572205e-03
8.849569596350193024e-03
8.968336507678031921e-03
8.970610797405242920e-03
8.936498314142227173e-03
8.858857676386833191e-03
8.916394785046577454e-03
8.980175480246543884e-03
8.909216150641441345e-03
8.909334428608417511e-03
8.902034722268581390e-03
8.816331624984741211e-03
8.866716176271438599e-03
8.732112124562263489e-03
8.832165971398353577e-03
8.803806267678737640e-03
8.699118159711360931e-03
8.885122835636138916e-03
8.924669586122035980e-03
8.882394060492515564e-03
9.808631613850593567e-03
9.107520803809165955e-03
8.736772462725639343e-03
8.738284930586814880e-03
8.758369833230972290e-03
8.658129721879959106e-03
8.554236963391304016e-03
8.530753664672374725e-03
8.563118055462837219e-03
8.616636507213115692e-03
9.337741881608963013e-03
8.796786889433860779e-03
8.565895259380340576e-03
8.511565625667572021e-03
8.429585024714469910e-03
8.473696187138557434e-03
8.474838919937610626e-03
8.499667979776859283e-03
8.500583469867706299e-03
8.570425212383270264e-03
8.454571478068828583e-03
8.428507484495639801e-03
8.772293105721473694e-03
8.730670437216758728e-03
8.499484509229660034e-03
8.401468396186828613e-03
8.425612933933734894e-03
8.488496765494346619e-03
8.474769070744514465e-03
8.423959836363792419e-03
8.359409868717193604e-03
8.408406749367713928e-03
8.439851924777030945e-03
8.641418069601058960e-03
8.556406013667583466e-03
8.453003130853176117e-03
8.325462229549884796e-03
8.318158797919750214e-03
8.348850533366203308e-03
8.200285024940967560e-03
8.153009228408336639e-03
9.148745797574520111e-03
8.524130098521709442e-03
8.144944906234741211e-03
8.155180141329765320e-03
8.065341971814632416e-03
8.035480976104736328e-03
8.114891126751899719e-03
9.184419177472591400e-03
8.561168797314167023e-03
8.206700906157493591e-03
8.069276809692382812e-03
8.141400292515754700e-03
8.117105811834335327e-03
8.161102421581745148e-03
8.033910766243934631e-03
8.987205103039741516e-03
8.234996348619461060e-03
8.027608506381511688e-03
7.986250333487987518e-03
7.936435751616954803e-03
7.935402914881706238e-03
7.963569834828376770e-03
7.933341898024082184e-03
7.902559824287891388e-03
7.918149232864379883e-03
7.784649729728698730e-03
8.167000487446784973e-03
7.947596721351146698e-03
7.928487844765186310e-03
7.989438250660896301e-03
7.994983345270156860e-03
7.978704757988452911e-03
7.795670069754123688e-03
7.837254554033279419e-03
7.875256240367889404e-03
8.883210830390453339e-03
8.318704552948474884e-03
7.845048792660236359e-03
1.419763546437025070e-02
9.750025346875190735e-03
8.116086944937705994e-03
7.788233458995819092e-03
7.807764224708080292e-03
7.737986743450164795e-03
7.648617029190063477e-03
7.763802073895931244e-03
7.716241292655467987e-03
7.755814585834741592e-03
7.758801337331533432e-03
7.814655080437660217e-03
7.677159272134304047e-03
7.622938603162765503e-03
7.594276219606399536e-03
7.548731751739978790e-03
7.552947849035263062e-03
7.594749331474304199e-03
8.528877981007099152e-03
7.988819852471351624e-03
7.550947368144989014e-03
7.578581571578979492e-03
7.560229394584894180e-03
7.554948329925537109e-03
7.507780101150274277e-03
7.561667356640100479e-03
7.662777788937091827e-03
7.674530148506164551e-03
7.714840117841959000e-03
7.739618420600891113e-03
7.578988559544086456e-03
7.742346730083227158e-03
7.781126536428928375e-03
7.736229803413152695e-03
7.613953202962875366e-03
7.558591663837432861e-03
7.675763219594955444e-03
7.678105495870113373e-03
7.607148494571447372e-03
8.630218915641307831e-03
7.972776889801025391e-03
7.636280264705419540e-03
7.616721093654632568e-03
7.638437207788228989e-03
7.796259131282567978e-03
7.535427808761596680e-03
7.541972212493419647e-03
7.578202988952398300e-03
7.480612955987453461e-03
7.487471215426921844e-03
7.387978024780750275e-03
7.334722671657800674e-03
7.584000937640666962e-03
7.419086992740631104e-03
7.387033198028802872e-03
7.327306084334850311e-03
7.347960956394672394e-03
7.301734294742345810e-03
7.194846868515014648e-03
8.187197148799896240e-03
7.539359387010335922e-03
7.203681860119104385e-03
7.233690470457077026e-03
7.313290145248174667e-03
7.212981581687927246e-03
7.184471003711223602e-03
7.220853120088577271e-03
7.225493434816598892e-03
7.195205893367528915e-03
7.217983715236186981e-03
7.168346550315618515e-03
7.127462420612573624e-03
7.110455539077520370e-03
7.089112885296344757e-03
7.060326635837554932e-03
8.089859038591384888e-03
7.425242569297552109e-03
7.085646037012338638e-03
7.135285530239343643e-03
7.217968814074993134e-03
7.147209253162145615e-03
7.111480925232172012e-03
7.099600043147802353e-03
7.139780558645725250e-03
7.109454832971096039e-03
7.173518650233745575e-03
8.044796995818614960e-03
7.340771146118640900e-03
6.972959730774164200e-03
7.103151176124811172e-03
7.110378239303827286e-03
7.041393313556909561e-03
7.053887937217950821e-03
7.170889526605606079e-03
7.003013975918292999e-03
6.915348116308450699e-03
6.955703254789113998e-03
7.861117832362651825e-03
7.227872963994741440e-03
6.896065082401037216e-03
6.845680065453052521e-03
6.889551877975463867e-03
6.827132310718297958e-03
6.889803800731897354e-03
6.932237185537815094e-03
6.943472661077976227e-03
6.927846465259790421e-03
7.047032471746206284e-03
7.004270795732736588e-03
6.871585734188556671e-03
6.907165981829166412e-03
7.014885544776916504e-03
7.039421703666448593e-03
7.018152624368667603e-03
6.895278580486774445e-03
6.840534508228302002e-03
6.841515656560659409e-03
6.868353579193353653e-03
6.865850649774074554e-03
6.853024009615182877e-03
6.862117443233728409e-03
6.872646510601043701e-03
6.790212355554103851e-03
7.644508033990859985e-03
1.271051447838544846e-02
9.241638705134391785e-03
7.243929896503686905e-03
6.931094918400049210e-03
7.820107042789459229e-03
7.052277214825153351e-03
6.765040569007396698e-03
7.637722883373498917e-03
7.702681235969066620e-03
6.896482314914464951e-03
6.670087575912475586e-03
6.715557537972927094e-03
6.648734211921691895e-03
6.616177968680858612e-03
6.554876919835805893e-03
6.543786730617284775e-03
6.668102927505970001e-03
6.766185164451599121e-03
6.643918808549642563e-03
6.643581204116344452e-03
6.590747274458408356e-03
6.576453335583209991e-03
6.559884641319513321e-03
6.613750942051410675e-03
6.600983440876007080e-03
6.592205259948968887e-03
6.564269308000802994e-03
6.603604648262262344e-03
6.550473161041736603e-03
6.597283296287059784e-03
6.541708018630743027e-03
6.595167331397533417e-03
6.509454455226659775e-03
7.420356385409832001e-03
6.865926086902618408e-03
6.554001010954380035e-03
6.523620337247848511e-03
6.542350165545940399e-03
6.422382779419422150e-03
6.525246892124414444e-03
6.512341555207967758e-03
7.398481480777263641e-03
6.855108775198459625e-03
6.697467062622308731e-03
6.591586861759424210e-03
6.484041456133127213e-03
6.488780025392770767e-03
6.439338438212871552e-03
6.467342376708984375e-03
6.492963526397943497e-03
6.405310239642858505e-03
1.111096516251564026e-02
8.931132033467292786e-03
7.066495716571807861e-03
6.649591028690338135e-03
6.530730519443750381e-03
6.544122006744146347e-03
6.438069976866245270e-03
6.560639943927526474e-03
6.390496157109737396e-03
6.356479134410619736e-03
6.280343979597091675e-03
6.245592609047889709e-03
6.264771334826946259e-03
6.218660622835159302e-03
6.283807568252086639e-03
7.201138883829116821e-03
6.859238259494304657e-03
6.361434701830148697e-03
6.254064850509166718e-03
6.232266314327716827e-03
6.222809664905071259e-03
6.215774919837713242e-03
6.200390867888927460e-03
6.181991193443536758e-03
6.159174721688032150e-03
1.062014140188694000e-02
8.524771779775619507e-03
6.583518348634243011e-03
7.089182734489440918e-03
6.697504315525293350e-03
6.248864810913801193e-03
7.031589746475219727e-03
6.471956614404916763e-03
6.158111151307821274e-03
6.181488279253244400e-03
6.109154783189296722e-03
6.174341775476932526e-03
6.080574356019496918e-03
6.120865233242511749e-03
7.048090454190969467e-03
1.064253877848386765e-02
8.183008059859275818e-03
6.495562847703695297e-03
6.146188359707593918e-03
6.268877536058425903e-03
6.210329476743936539e-03
6.129906978458166122e-03
6.129306275397539139e-03
6.111987400799989700e-03
6.113070063292980194e-03
6.230713333934545517e-03
6.112462375313043594e-03
6.118126213550567627e-03
7.034239359200000763e-03
6.363960914313793182e-03
6.113997660577297211e-03
6.111347582191228867e-03
6.062874104827642441e-03
6.054164376109838486e-03
6.126080173999071121e-03
5.981345660984516144e-03
5.991319194436073303e-03
5.989846773445606232e-03
6.039568688720464706e-03
5.997980479151010513e-03
6.759765557944774628e-03
6.320026703178882599e-03
6.022152490913867950e-03
6.163719110190868378e-03
6.172976922243833542e-03
6.011216901242733002e-03
6.005715113133192062e-03
6.033690180629491806e-03
5.959901958703994751e-03
5.870264954864978790e-03
5.906610749661922455e-03
6.638142280280590057e-03
6.271807011216878891e-03
5.901998374611139297e-03
5.906385835260152817e-03
6.015756167471408844e-03
6.039570085704326630e-03
6.050528492778539658e-03
6.088585592806339264e-03
5.914694629609584808e-03
6.146318279206752777e-03
6.065423600375652313e-03
5.997651722282171249e-03
5.891805049031972885e-03
6.018579937517642975e-03
6.128056440502405167e-03
6.095582153648138046e-03
6.011759862303733826e-03
6.049032788723707199e-03
6.095838733017444611e-03
5.971306003630161285e-03
5.910167936235666275e-03
5.919110029935836792e-03
5.906380712985992432e-03
5.854980554431676865e-03
5.838493816554546356e-03
5.869056098163127899e-03
5.720825400203466415e-03
5.734320729970932007e-03
5.749947391450405121e-03
5.745652131736278534e-03
5.718526896089315414e-03
5.743665155023336411e-03
5.753588862717151642e-03
5.722429137676954269e-03
5.708194337785243988e-03
5.771588534116744995e-03
5.803971551358699799e-03
5.741702392697334290e-03
5.710481200367212296e-03
5.700079724192619324e-03
5.689243786036968231e-03
5.661981645971536636e-03
5.718236323446035385e-03
5.808054469525814056e-03
5.834683775901794434e-03
5.812266375869512558e-03
5.735043436288833618e-03
5.710412748157978058e-03
5.732637830078601837e-03
5.970713216811418533e-03
6.483550183475017548e-03
7.079950068145990372e-03
7.311175111681222916e-03
6.702546030282974243e-03
6.081625353544950485e-03
5.736648105084896088e-03
5.673128180205821991e-03
5.602485500276088715e-03
5.725461058318614960e-03
5.620452575385570526e-03
5.605044774711132050e-03
5.560611374676227570e-03
5.544361658394336700e-03
5.538114812225103378e-03
5.551963113248348236e-03
5.689934827387332916e-03
5.559431854635477066e-03
5.503648892045021057e-03
5.701488815248012543e-03
5.693132523447275162e-03
6.373660173267126083e-03
5.980708636343479156e-03
5.563104059547185898e-03
5.500746425241231918e-03
5.504111293703317642e-03
5.496394820511341095e-03
6.301692686975002289e-03
5.927447229623794556e-03
5.517132114619016647e-03
5.552926566451787949e-03
5.485457833856344223e-03
5.508597474545240402e-03
5.403013434261083603e-03
5.452760495245456696e-03
5.456764250993728638e-03
5.455927923321723938e-03
5.477511789649724960e-03
5.444693379104137421e-03
5.479154642671346664e-03
5.604549311101436615e-03
5.621751304715871811e-03
5.452850367873907089e-03
5.445447750389575958e-03
5.565680563449859619e-03
5.736819002777338028e-03
5.677291657775640488e-03
5.437208805233240128e-03
6.282180547714233398e-03
6.098866462707519531e-03
5.688903853297233582e-03
6.457359530031681061e-03
5.719854496419429779e-03
5.622568540275096893e-03
5.483346991240978241e-03
5.398749373853206635e-03
5.411486141383647919e-03
5.366554949432611465e-03
6.078787147998809814e-03
5.878102034330368042e-03
5.449318327009677887e-03
5.302909296005964279e-03
5.299179814755916595e-03
5.249176174402236938e-03
5.241652484983205795e-03
5.251711700111627579e-03
5.232175346463918686e-03
5.266983993351459503e-03
5.286251194775104523e-03
5.289640277624130249e-03
5.294038914144039154e-03
5.207787267863750458e-03
5.220755003392696381e-03
5.302028264850378036e-03
5.333407316356897354e-03
5.270514171570539474e-03
5.338975228369235992e-03
5.396564491093158722e-03
9.479889646172523499e-03
8.900366723537445068e-03
5.815861281007528305e-03
5.437130108475685120e-03
6.108204834163188934e-03
5.621109157800674438e-03
5.445708520710468292e-03
6.027224473655223846e-03
5.716719664633274078e-03
5.443944595754146576e-03
5.396753549575805664e-03
5.280452780425548553e-03
5.361005663871765137e-03
5.311989691108465195e-03
5.150700453668832779e-03
5.239263642579317093e-03
5.287083797156810760e-03
5.222789011895656586e-03
5.249596200883388519e-03
6.070328876376152039e-03
5.309023894369602203e-03
5.182814784348011017e-03
5.226747598499059677e-03
5.156092811375856400e-03
5.196542944759130478e-03
5.120861809700727463e-03
5.080699920654296875e-03
5.172476172447204590e-03
5.219675134867429733e-03
5.095177795737981796e-03
5.062176845967769623e-03
5.378410220146179199e-03
5.477150436490774155e-03
5.253922659903764725e-03
5.226004868745803833e-03
5.267686210572719574e-03
5.294177681207656860e-03
5.263263359665870667e-03
5.160905886441469193e-03
5.121256224811077118e-03
5.032753106206655502e-03
5.074650980532169342e-03
5.127772223204374313e-03
5.046396050602197647e-03
4.996323026716709137e-03
4.994906485080718994e-03
4.974120762199163437e-03
5.021330900490283966e-03
5.029777530580759048e-03
5.060739815235137939e-03
