1.124058093742727332e-01
4.131368707664318657e-02
3.459117555825821921e-02
1.027416936573195133e-01
8.142817730744983384e-02
1.247588207548218364e-01
3.218703327655054319e-02
8.498502887395690143e-04
3.206556489312295533e-02
1.270427251756682530e-01
8.374464855008209585e-02
2.519254993369711426e-02
8.990397729214637257e-02
1.873400572209455994e-01
2.224277884226011012e-02
3.308900794690236569e-01
6.213804294728527246e-04
1.928975360861278840e-02
8.115204003500442465e-02
2.027037515989365581e-03
1.709156192992714735e-02
7.300372110433618264e-04
2.137224241490097432e-01
5.757398653440470165e-02
2.215444020595019881e-01
1.543048766908047542e-01
6.509071831259683437e-03
2.039871349906654252e-01
1.231790077642737520e-02
5.268807334329246930e-03
1.944225971539889283e-02
1.009875177821722564e-01
3.102656407293354762e-02
8.570317547153500498e-03
8.490567829882589290e-02
2.771506428530047805e-01
5.950642060736079098e-02
1.875307387316877544e-02
5.173710916310449159e-03
1.501829401915210326e-02
9.759293329305857023e-02
1.061626278946176116e-02
3.278103450976888045e-02
4.610764360048777953e-03
6.673543493097423666e-03
1.115826006473445153e-01
8.902791824421317501e-02
5.689733757073994758e-02
1.256484472158896359e-01
2.430715973478465158e-02
8.882416808980771183e-02
3.538495038232834875e-03
7.426252989017013972e-02
6.345414426312242194e-03
2.000087746817429124e-02
4.382206051631690885e-02
7.376527503137975117e-02
1.823491285623718705e-01
1.717696499443198965e-01
5.125569365253551668e-01
8.844066126848186549e-02
4.957107817625368285e-02
9.939393096366007374e-02
5.006622596889239579e-02
8.899659700546267566e-03
3.937344730043364910e-02
7.956588038848515232e-02
7.245944759303603322e-03
1.613918699635164683e-02
1.934429617667280527e-02
1.433756259795654527e-02
1.673599776410956974e-02
1.604950840131221315e-02
5.853795221874722766e-03
1.560766598647608527e-01
6.572319011167030052e-03
7.258045113897045042e-02
4.146413641598316324e-02
1.126758415297187538e-01
1.199411547733089251e-01
5.065134688264821827e-02
2.177212297798430396e-01
1.702633419967674033e-01
1.007900841391693586e-01
4.874350174119713996e-02
5.048981746626875211e-02
1.624860379286455214e-02
4.099429905190305444e-03
1.157497907931855606e-02
7.856883898145110290e-02
2.910959966474196969e-02
9.426033643121360314e-03
9.357709108991195401e-02
6.794247137117704997e-03
2.738008890888183333e-01
2.147933627163600007e-02
1.128022921927967076e-01
6.181966705894863939e-03
3.041043591737670193e-02
5.235014533453671848e-02
