1.083953644743994582e+00
1.066336547956400649e+00
1.053765518600788598e+00
1.055660086282310672e+00
1.080195483799742950e+00
1.058866934252935099e+00
1.025537075203321269e+00
1.037863600968952360e+00
1.037544522803631297e+00
1.067666870607656415e+00
1.050061471510586264e+00
1.027322575652324987e+00
1.053582278371543390e+00
1.057191135096987367e+00
1.025950430328443241e+00
1.080683062652955995e+00
1.003723052373708402e+00
1.029677374024140946e+00
1.060243297656744632e+00
1.012226674565168683e+00
1.067515305405282389e+00
1.012452766955284078e+00
1.061871171260385216e+00
1.036901489025411793e+00
1.071249667085648838e+00
1.062004615364871674e+00
1.048012996404454000e+00
1.075024621491200927e+00
1.019315304020728563e+00
1.026374836541162683e+00
1.047412815313073287e+00
1.048815374735675432e+00
1.037156074024407459e+00
1.026798403606548504e+00
1.034430621171977149e+00
1.073460512496457131e+00
1.073186045014298040e+00
1.044995488535081396e+00
1.037843099718305684e+00
1.015301784020231635e+00
1.062312398262712065e+00
1.033788126660849072e+00
1.056333668628703037e+00
1.021647833339057065e+00
1.028809197381046037e+00
1.071978472485877409e+00
1.037181004393162853e+00
1.040751557455880105e+00
1.055066856566730271e+00
1.022581660465087916e+00
1.040305171714086541e+00
1.024504896160650658e+00
1.073177254161646221e+00
1.065901307562187261e+00
1.015273644115175511e+00
1.049039079020809284e+00
1.042827189707163704e+00
1.051185215074315948e+00
1.056320737136136501e+00
1.068036120219388874e+00
1.040735397017008346e+00
1.050089411609839596e+00
1.075652358532313224e+00
1.025803300118359518e+00
1.042830131793005100e+00
1.040698050088237236e+00
1.070522181931955474e+00
1.021324593574314266e+00
1.028733804012610165e+00
1.041732558763718508e+00
1.041553643145421981e+00
1.039097797955276237e+00
1.018620344032172609e+00
1.046105484949633180e+00
1.054972976220357239e+00
1.013614712832959786e+00
1.052954081064421787e+00
1.060469889058651694e+00
1.058418326099256124e+00
1.070507810865824139e+00
1.040908877351114814e+00
1.062275654444990947e+00
1.070067415196474858e+00
1.050853929178573232e+00
1.058311448910716601e+00
1.062649078296800997e+00
1.027369083370846869e+00
1.067584157377512222e+00
1.037543924536750373e+00
1.057866710678251332e+00
1.062845987631974021e+00
1.012803733459356259e+00
1.053050418774316599e+00
1.052601238045049792e+00
1.070370423757495359e+00
1.020533441105508698e+00
1.073512336526129873e+00
1.022511527074683402e+00
1.031278550822811280e+00
1.044836735572988617e+00
