2.079296555646492281e-02
2.776088777694545821e-03
7.375526742198281437e-03
1.071670140121342568e-02
2.803571052251289594e-02
2.127254537831045969e-02
2.276436855433826845e-01
2.137780803965368820e-03
3.551074236558468544e-02
5.985948662341097209e-02
4.192320830771025658e-02
9.782830285722951547e-02
5.761307058122300956e-02
2.328185543546532066e-02
3.419607996093969315e-02
5.749784628825017202e-02
1.027646211925074132e-01
1.052493697343915256e-02
3.063420815435026756e-01
2.617936908182270581e-02
2.634254615432652259e-03
2.734834286788593860e-01
1.929762587269417615e-02
1.622665260117484298e-01
2.028223190438179779e-01
1.068807312145815536e-02
1.213300157084136813e-02
1.613746463157672215e-02
2.807663662413805404e-03
6.608054446581115848e-02
1.227807217291885800e-01
4.755527310429577548e-02
1.167405940759061733e-01
4.442843712394205398e-03
7.245185841642809606e-03
8.414088158297527986e-02
5.946900029328474474e-02
9.726565329905300511e-03
8.391357669160917632e-02
3.610239602327886682e-02
7.247200429485317619e-02
3.020562467418834787e-02
2.627572461888201191e-02
4.411800500615142883e-04
9.820402745700612668e-02
1.548511042405014554e-02
1.544161806718283812e-02
6.945712477894003256e-02
4.410161691079383939e-03
5.817767894934621625e-02
5.316602439135282958e-03
9.263522541282619149e-02
2.370232659751119950e-03
5.202563639753590014e-02
3.034730224912303084e-02
1.151487169698869883e-02
6.964271744619071614e-02
6.634010901305220642e-03
1.010266050234740198e-01
7.140866355926320241e-02
4.278634758335391614e-02
6.711383376347815344e-02
4.913030340523878714e-03
6.201106564797347065e-02
1.118417127443812123e-02
1.341262650634810275e-02
2.539245062785632293e-02
3.496129808372771403e-02
1.778039584021665368e-03
1.527216436128587054e-02
4.988762368066665398e-02
1.552620307912125266e-03
5.911808583161010794e-02
1.114049832148382019e-01
3.538199843574043463e-02
5.043063499763267288e-02
8.758773906403853615e-02
8.305266066527905097e-03
4.750539850894795052e-02
5.470245352772031694e-02
1.895037714321130828e-02
2.547231262310000258e-02
2.420973334174119848e-02
2.980558275940519558e-02
1.607686192448156207e-02
1.062074502612558348e-02
1.887255358607705519e-02
8.894200732982407431e-02
1.323099963217913740e-02
1.336766128915020018e-03
1.709591002492608005e-03
1.729834898868536086e-02
7.169475229142026340e-02
1.324313662406469659e-02
4.396443997631246242e-02
6.118850524029031263e-02
3.324148282588614001e-02
7.197244950994657886e-02
3.371980674272583717e-02
4.661268098007214505e-02
