1.246108270011835550e+00
2.191165174791009640e-01
3.345795444556782794e-01
5.232568241132682374e-01
1.162723400304415566e+00
3.628184335299857732e-01
1.650804588814307694e+00
1.637679279382102671e-01
8.526239312221085553e-01
1.106856534760388699e+00
4.553680815515610547e-01
6.760467068831526039e-01
7.376711794782577769e-01
8.495558835374800166e-01
9.375414524146997719e-01
1.218801561877104644e+00
6.165048573223207429e-01
6.283966909479896668e-01
1.520336130138641995e+00
2.755876164874524470e-01
7.970753269720417533e-01
1.483613210713910835e+00
4.328116763537862566e-01
9.731189486798230703e-01
1.495886360818410976e+00
3.456015371949882065e-01
1.948618655142991263e-01
5.816299885095991273e-01
1.821007912776829996e-01
9.591657652500870102e-01
1.039782943122506742e+00
5.994029052847728023e-01
1.009496772287944877e+00
1.924494276599119091e-01
2.244675964914825961e-01
4.997111889943663954e-01
5.388020761509534351e-01
3.835860803409656961e-01
5.602952893077317587e-01
8.640728069445164916e-01
7.137962547644078892e-01
5.039373056275207041e-01
8.103682040125204100e-01
2.330145839663861906e-01
1.577767965755563662e+00
2.824005873019653223e-01
5.454198295305816568e-01
4.907643583983093971e-01
2.934777781289805709e-01
6.771032678734560939e-01
2.294331724868372280e-01
5.845842734769876037e-01
2.281945153005533744e-01
8.456305740877497756e-01
3.359960905159867228e-01
4.359621544537687354e-01
7.239654581720015303e-01
2.372570407076696752e-01
9.035130184899166084e-01
1.030668985934397375e+00
4.739765802264179206e-01
1.100866076514553038e+00
2.286169077214418865e-01
8.206058536428404437e-01
3.694305348129135469e-01
4.412674025406085332e-01
5.803335847264331493e-01
8.277510704684417631e-01
3.151036305526023762e-01
5.353338544240312524e-01
7.129259663291326321e-01
5.340435379388067672e-01
7.801875612974916718e-01
7.102064597006464419e-01
6.201686134000694572e-01
8.271766990975808476e-01
7.995756384539165484e-01
4.746868013175802314e-01
5.756220526595555720e-01
1.163788562845800456e+00
7.357792702762296910e-01
3.512790657454942789e-01
4.133080070513351356e-01
5.906801131163823548e-01
7.120660447736154586e-01
5.744715769816873818e-01
1.732899369392211231e+00
6.015144987659164499e-01
1.440771935682908511e+00
3.960546467277666904e-01
4.075898522893495191e-01
9.726755657798628052e-01
5.584588744760301537e-01
2.682899429480649633e-01
9.247984649039584504e-01
1.206119774956601720e+00
4.074651525048014755e-01
5.404890158811670453e-01
3.589991447913573608e-01
5.782420209500724884e-01
