1.253484521734932894e-04
4.504616551980722763e-03
4.972624616270087186e-03
5.509091550277950278e-02
4.235793762702189102e-02
3.182714404977341621e-02
3.165989658919178829e-01
1.792612969008717042e-02
1.614078861420100222e-02
6.225799145209297281e-02
7.896347148550929979e-03
1.782324835382307487e-02
1.661065985314691962e-01
7.863608864465390647e-02
4.329519363930451475e-02
4.808638694038397388e-02
1.239011026292592826e-01
1.496029644310331308e-01
3.585849412226999738e-02
7.070058956494709550e-03
7.090725822931380484e-02
1.178555137306065842e-01
4.016932757609500276e-02
7.380472055676552678e-02
4.442339032465304760e-02
8.259346615492212107e-02
2.913915273193946193e-02
2.864736751643217477e-02
5.841973182781762253e-03
6.226913739206393905e-02
8.230744081975341353e-03
5.712170850675853465e-03
6.122190578888132145e-02
2.835607189335185088e-02
3.366446789358164271e-02
1.359595133814749113e-02
2.779894173182798772e-02
7.055356676231770707e-02
6.305796334054575292e-02
1.536235140130818091e-02
8.833036733851330757e-02
6.634265054735134694e-04
2.336888786236758150e-02
4.291302956403118124e-02
4.555601954309826396e-02
7.190330633559541620e-03
7.312892329784069501e-02
1.526740560027279037e-01
3.510862237265870850e-02
3.188670414798876022e-03
5.579707362606199129e-03
1.401583107683189999e-01
2.316502523815841194e-02
6.876339336992288997e-02
4.867984604079993866e-02
7.281891315811846177e-02
3.887715531989437145e-02
1.112435943731763209e-02
5.955543829896887097e-03
7.714661683514307047e-03
1.237843186209819785e-01
3.177090256006836338e-02
1.212603075219926760e-02
2.265986212382618478e-02
1.761113902131998142e-03
4.633157304703344054e-02
2.606249843431869898e-02
1.611950121114135923e-02
3.175198178949601574e-02
8.966808364720958019e-03
3.152574624446215917e-02
9.736672207925230194e-02
1.365198253616084212e-01
4.749817586115956912e-03
3.157369448731878192e-02
1.452372873301658457e-02
7.997447604515841441e-03
1.490270984133721700e-03
1.149857810848318451e-01
2.832225673182124648e-02
3.316642890234688945e-02
1.284138948803384590e-03
1.897094334742842683e-02
6.576300531411352623e-02
1.928924173725792349e-02
9.956552755649619724e-02
3.435325124943456460e-02
3.271457720261290725e-02
1.040552731518509279e-02
6.198921977315671565e-03
5.054960986987135779e-02
2.528261924993834009e-02
1.918191769280621489e-02
6.420309697968036577e-02
3.655367561879040855e-02
3.935158765874127024e-02
2.004190066253139502e-01
2.044825182137635922e-01
5.666190332990300900e-03
1.340496892799346133e-02
