5.554862896736602329e-03
1.318885254009143776e-02
5.649538016360631555e-03
3.678348605310416408e-02
8.797690690849184481e-02
1.448549692930269084e-02
2.125527878519596903e-01
9.774194923169231275e-02
5.188166008394191897e-02
5.974397138954260883e-05
9.668680328623188366e-03
1.126525826277565423e-01
1.178586629240558348e-01
1.018110142898733111e-01
4.641906914874125573e-02
3.466584070482310598e-02
5.248240797851955880e-02
1.532893408369186972e-01
2.158008852636110475e-02
2.065403978564313847e-01
8.182788330812634792e-02
3.286227172871867414e-02
8.253375730946362065e-02
3.539981375998391688e-01
5.828506700277636537e-02
7.054022979493675127e-02
6.018469640700936651e-02
5.073673891579129000e-03
5.739385174607562756e-02
1.797734541675716780e-01
3.645831357478665491e-02
1.287766457341131196e-02
4.114693993894823904e-02
7.405542412164229163e-03
2.385767503397067529e-02
1.764941954254168610e-01
8.114567927852018789e-03
6.192711815571155104e-02
1.708347146856100396e-01
7.965030760521862874e-02
3.351810642030769033e-02
5.637370590880909360e-02
4.087994695389857852e-02
3.862841563596205313e-02
3.180246279231164208e-01
1.898415179205608120e-03
7.794173283713787259e-02
2.726927388354517118e-02
8.960105200364654188e-02
2.343680587578270830e-02
3.783141887168413320e-02
3.229510800050339192e-01
1.048594779786116982e-01
7.847517891536634482e-02
5.976164404448128589e-03
5.239300992806171786e-01
8.309805552877684576e-02
1.041367417954635124e-02
2.051105348941928853e-03
1.174287036299770035e-02
2.759253534695898027e-02
1.638058518981388989e-02
1.025106128174729375e-01
1.169215792008763133e-01
2.031257502805399254e-02
7.723756582331217993e-03
7.130325676109182387e-02
8.892332000870166106e-03
3.093592886363650818e-01
3.517720433144419512e-02
9.438689877499976955e-02
1.678423253409004959e-02
5.246112871071818839e-02
6.033740842629884554e-02
1.637134979132948837e-02
1.323005759723557863e-02
1.070042374968645238e-02
7.942673142347757287e-02
6.522668350027262252e-02
1.877376065287479981e-02
3.478995351470208497e-02
9.993867998133461328e-02
1.501987375779432858e-02
3.419928956669553936e-03
4.410097698476779515e-02
1.075682949091742724e-01
8.506747644699544017e-03
2.783436615406576636e-02
8.144326985730840351e-02
1.544668127367954981e-02
5.235347488670157728e-03
2.914056521697759583e-02
1.204073073730979604e-01
2.655101391780878561e-02
2.045451617321303664e-02
2.180312876705451861e-02
2.484462313922860058e-02
2.859146503598531189e-02
3.270690720404349078e-02
8.399817198920609546e-03
