1.367511319083508647e+00
1.273617989745647217e+00
1.118170501463166433e+00
1.210670668317692655e+00
1.536709407694054619e+00
1.504335180258467242e+00
1.179130747925281053e+00
1.072320426702496610e+00
1.451065961478185784e+00
1.138982028247325973e+00
1.543181853771907752e+00
1.279419633990274141e+00
1.844247731667459922e+00
1.308051423966390070e+00
2.179478081591478489e+00
2.540440859959214315e+00
1.995467404964487823e+00
1.443153890849423249e+00
2.200686591366287637e+00
2.003455839852618325e+00
1.809021007478118337e+00
1.674277680682412006e+00
1.885387919108617805e+00
1.262958773569880178e+00
1.271090177771539320e+00
1.643424583456534416e+00
1.987707690249451042e+00
1.515629122416608521e+00
1.050005443206871503e+00
1.074492221187740348e+00
1.467100671518144273e+00
1.152618941504264027e+00
1.079723677364964329e+00
1.034910889691819991e+00
2.016846254907040947e+00
1.055867322764214800e+00
1.064459708272894822e+00
1.253529869148526599e+00
1.514283961076998031e+00
1.516995472061023031e+00
1.080567235326284514e+00
1.164295913254726811e+00
2.550094311930843460e+00
1.352140740074021963e+00
1.652335165871469114e+00
1.026229996949358902e+00
1.310467192109454615e+00
1.477141409987827947e+00
1.193266570808066307e+00
1.075263618636624452e+00
1.062490504785570611e+00
1.239720872027435306e+00
1.439580820302230668e+00
1.025889315602893870e+00
1.027210213134256644e+00
1.415527888644332544e+00
1.979238466053073298e+00
1.178334434855886625e+00
1.537582568491330903e+00
1.623969667617148893e+00
1.591610268149632246e+00
2.341965604376871291e+00
2.223553575847631247e+00
1.207235474544732901e+00
2.441892381297419590e+00
2.067036750851045657e+00
1.072827466536204977e+00
1.399535183253134196e+00
1.777009791318659104e+00
2.194948594371207484e+00
1.598426644291295107e+00
1.074395833936860223e+00
2.041395353058269801e+00
1.091253129327227178e+00
1.174586213528181267e+00
1.244867604303160791e+00
1.022694115180461161e+00
1.193442910064941742e+00
2.209265585477227845e+00
2.184750031530403369e+00
1.126044126933839484e+00
1.606569593963132814e+00
1.360883063276040694e+00
1.057389253437572396e+00
1.776623207514260727e+00
1.991874507953849793e+00
1.720629868059980083e+00
1.086806310004502008e+00
1.743649061725100591e+00
1.871880248157466120e+00
1.324233657341565173e+00
1.648293244932875323e+00
1.118935900442803222e+00
1.896863355659536010e+00
1.288798644818990535e+00
1.347373832107859881e+00
1.452249033983086690e+00
1.093768399991903451e+00
1.960017282627146473e+00
1.790854690019860085e+00
