5.454041001445605330e-01
3.413973069502074797e-01
7.022378982636432454e-01
7.584307767291369462e-01
1.991252975106744039e+00
3.562425056298637593e-01
2.215890606968982546e+00
1.176675673108386944e+00
5.510012350196373809e-01
6.089335800492997608e-01
2.345124176207260547e-01
5.534138616200612315e-01
1.425533583216392453e+00
1.406836659660299249e+00
1.005023922544404424e+00
1.234451875404159127e+00
7.422654241767533412e-01
1.270012479424106111e+00
5.391773122133388663e-01
6.080001823449819875e-01
8.179523425384321866e-01
1.008215814171019797e+00
4.082145281044478047e-01
9.513988982690851914e-01
4.696520716161965425e-01
1.937698722514098915e+00
5.823120354919769648e-01
7.016737868174919290e-01
4.571696317526701137e-01
8.346782668026536678e-01
6.209842830223517574e-01
3.598566776898278752e-01
5.811417749922903608e-01
5.887742626488067232e-01
9.041760729805050634e-01
4.994612722001781080e-01
4.934758253326869681e-01
4.626554614451024450e-01
3.161200738221399686e-01
2.434028688731221801e-01
6.046105677090229946e-01
2.282300846590268883e-01
4.712314025240381676e-01
7.571949781094045040e-01
4.058342389465366407e-01
7.188719423314517964e-01
5.908596666585466117e-01
1.373611243222203626e+00
5.323013306270356626e-01
6.829425991688016229e-01
2.540399081354498545e-01
9.438371502581081041e-01
3.919885493989334613e-01
1.358217273292724903e+00
4.642532556269333699e-01
8.275524874890967109e-01
5.064783798060485953e-01
3.108231129396376580e-01
2.478132922008502437e-01
5.426595692763004353e-01
9.891486024869586835e-01
5.615261964923347060e-01
4.991215955446058894e-01
2.641811568104466823e-01
7.695433880493648404e-01
3.993666435066824949e-01
3.537340667011292794e-01
4.323591280924746760e-01
8.051829040461664366e-01
8.301395013936634371e-01
6.486980207522379249e-01
7.777590549830555311e-01
1.389665219398216855e+00
5.389759800400032441e-01
4.518699899260960051e-01
2.983987346351552050e-01
2.948399831549141648e-01
2.272400182861613327e-01
1.260015400077086678e+00
4.957228400851375061e-01
7.573721202522781804e-01
8.301267792030408987e-01
5.441314753654783454e-01
5.754970313630133338e-01
8.416763407522741547e-01
1.063029270757740674e+00
2.635609034120859895e-01
1.190627726531474861e+00
6.016107349999154641e-01
3.960707918329720578e-01
5.282569798409678663e-01
4.331388813543963212e-01
1.538868270946155414e+00
9.947882308989426381e-01
4.869790696224479687e-01
4.004098477073794737e-01
1.017486923754301387e+00
1.303261494610187698e+00
4.034695177714566761e-01
3.166373640129589440e-01
